1338
53 11
61098 27198 2478 60488 1061 19871 70968 67042 45897 42293 56156 
1949 0

2297 17
32352 74118 54343 70960 6718 42504 20451 19238 72402 34902 98491 26037 44219 61759 48161 5511 67018 
3953 0

4705 0

4871 0

7327 0

8149 10
79950 42728 11281 39297 87508 71560 16863 46288 59349 88199 
8617 0

9566 10
48216 76358 57624 65721 60741 85657 41865 3302 44518 52477 
9772 0

18 0

198 0

650 0

1634 0

1760 10
5901 46805 28953 22422 49620 40929 58487 82880 14830 39132 
2380 0

3938 0

6550 0

7305 11
23444 27769 17735 89141 95997 80227 31000 16103 71052 41276 569 
8696 20
35619 5076 45104 78115 87902 44776 77630 66416 24855 17085 86267 2284 82092 38304 42488 3876 82577 89554 94634 65791 
8917 0

111 14
78382 97759 1559 20320 61427 1692 70445 40466 55457 79430 45472 38153 8792 15253 
122 10
13385 55902 89613 37843 78834 70053 12344 98090 22078 47800 
1864 14
54703 52248 80808 46864 18625 35086 94551 34568 96511 43957 30623 78112 33943 22717 
5134 15
10421 77120 98153 68890 62796 97582 97031 41345 6727 73307 91032 93992 41570 79664 78271 
6241 0

7989 15
31099 86559 33147 4181 12877 6800 22925 34694 39418 92114 25304 80808 95793 46347 46874 
9255 0

1023 0

1549 11
5245 36648 25013 61854 98461 47431 39536 52239 78457 92602 52007 
2006 13
42790 88446 96323 75657 36998 94498 16873 42447 3964 20664 27157 79411 96719 
2346 0

2359 15
78319 12451 20678 52615 30503 98686 9508 14067 28632 55889 60259 19053 63497 85810 83803 
2610 20
25060 89240 65479 74761 7820 71113 49113 48745 4174 53356 66708 30494 61304 77032 10458 11071 1382 48043 39325 52297 
2732 0

2863 10
99870 58684 19056 95997 72313 855 70638 30562 11046 51663 
4193 12
16068 97482 29869 82470 34675 99564 51587 49397 52011 58278 8596 24403 
4460 0

5523 0

6754 12
54195 9716 64971 73946 6136 48874 38055 60674 69574 47046 57188 16462 
8279 0

8384 20
84313 76168 71023 27699 45614 69826 29310 79781 81966 15212 67329 4986 84933 34713 90223 24067 37923 54344 67804 89482 
8490 0

9092 14
59636 50047 70866 56179 14736 83350 61446 14305 43902 39395 27133 52279 33002 4727 
9829 19
88487 51779 56041 77453 67231 1070 83501 86822 32779 97558 47315 75869 11205 47730 20136 21391 70861 3990 64120 
9927 0

1004 0

1161 0

1559 13
49428 57844 13735 48838 32310 44809 51878 90715 94008 83093 21448 91615 52328 
1800 0

3428 0

5724 0

8738 17
36519 46844 69069 33701 92795 68221 41936 2052 485 20614 10840 42857 1081 89237 47390 34438 88550 
8758 17
17985 95727 68057 24925 45583 51760 36492 77120 88026 60299 18403 57507 5445 13373 66675 49244 74958 
115 10
44635 15264 99249 5443 76397 50746 60419 58775 55235 96238 
479 13
65438 9176 95650 4191 95716 90023 77731 13011 15992 31568 70053 15780 98692 
806 0

2882 12
24478 16292 130 34255 65860 7897 54090 78934 34082 6626 83698 48828 
4059 0

6897 19
14860 28038 95402 71074 56907 75602 83304 6564 48793 73295 3932 43423 10856 54263 87937 14925 16476 37550 54084 
7281 0

8530 20
88957 81373 96213 42760 82458 32631 99723 2304 27044 87719 59089 20859 11503 98024 5892 22968 26138 16064 53582 19448 
8691 20
78477 55052 18437 78715 48126 50247 85175 80049 46058 59290 20152 15480 15371 11153 29434 87419 55714 35565 1012 33992 
9128 0

9447 0

587 0

627 20
60962 92874 52170 75802 17668 18989 46427 76493 39432 38799 6016 41993 49106 47618 20137 61874 13907 60226 74570 94802 
1045 0

4758 0

6129 0

7819 0

2143 12
98833 21501 67372 87144 15678 28330 21511 18889 79592 17145 86761 34395 
3546 10
29226 55536 92353 55898 84271 46114 76616 46370 83879 46983 
4330 11
96715 87042 2290 6287 60050 97836 72368 96206 52496 80442 71274 
5804 17
8102 5917 91571 62289 68128 94485 41712 34521 62136 90819 22763 8105 48473 51893 4467 30618 99751 
7368 10
91433 14375 56298 15296 18208 67270 40763 11093 83691 10925 
7791 18
32187 81874 75810 54133 93181 27113 26638 49959 41427 87331 91641 35109 84014 83007 81321 23942 87958 48237 
8791 0

177 0

1296 11
95991 28937 9005 80466 88340 84642 88752 26826 45191 19174 95303 
1351 11
89302 28930 36129 2942 21165 47154 36187 31055 59813 19843 91501 
6644 20
34688 32722 79918 39066 43182 59710 5281 47332 62465 73905 89990 91504 2164 60249 67532 87633 10816 34217 52990 35676 
7491 0

8728 19
18116 56671 74374 71936 65433 81479 50050 33260 74978 32405 35203 10134 47730 87702 69082 35881 73194 15654 72584 
9918 10
47523 61821 71772 49584 83949 27484 79933 14457 63551 31825 
399 12
5660 83483 5704 58319 92949 16700 55849 36203 86560 44405 72616 59660 
3216 11
14944 81216 66583 74598 70762 20333 9436 72361 79179 74588 21563 
3612 10
16598 22854 94125 60652 74097 26970 12164 25134 15834 75570 
5020 12
97385 23908 71679 56306 61717 34753 28296 11335 70976 72364 84053 24078 
5348 19
30289 43951 92159 60666 2519 42335 44592 21795 37958 44219 30371 22038 6144 16521 70428 75228 9820 27669 63951 
5771 19
72219 49265 75809 93974 66534 54432 33987 3612 24242 99914 33122 28069 1209 59863 86501 61655 64988 79899 93188 
6063 20
67622 5828 28199 96428 67848 51504 48962 50947 9552 54575 79788 95598 9218 1266 36058 66962 91877 41516 78200 85987 
6202 14
47571 35878 69527 73534 70036 37978 87037 88430 92835 81666 26051 32439 18657 3489 
7021 16
58903 86633 78444 19902 65056 8126 34954 93967 15673 71094 69638 14586 66024 39880 71524 84776 
8887 0

349 0

1448 14
88725 61385 97191 91418 92889 95566 89811 88507 14370 45990 53233 52876 45379 46160 
1653 18
32573 96842 29400 38343 28621 13447 37098 98634 94606 28095 94978 23427 28629 85842 53375 91818 93600 57035 
2415 15
94287 4557 80257 95638 86608 53402 45738 17257 83554 46548 17962 74055 42484 36089 27490 
7360 0

92 0

794 10
19740 81411 9991 64596 26937 19564 19230 14396 74291 94453 
1109 0

2754 0

3124 14
99456 88888 57835 45851 24803 31431 1683 4303 11593 42065 7441 89360 99244 79809 
5002 12
23352 31469 79583 79017 74901 4951 56284 18834 10707 62394 62072 26815 
5339 19
11166 63380 56296 82022 97317 58639 8649 40789 74857 93773 57166 12125 57668 21895 58878 72427 42866 68007 61805 
5707 0

6871 20
36149 31515 74615 67662 59246 599 16615 80127 12282 13601 47629 21581 66013 59306 40071 42836 74736 39044 75548 87851 
81 0

555 0

752 17
39254 28446 94303 93744 81483 43031 16350 70551 91548 26416 72792 12133 61302 30917 18064 55619 31700 
917 10
38274 60729 3449 97211 44084 59516 33126 99771 29121 85545 
1427 11
86916 75006 8827 16915 87619 7576 40047 98986 56741 36020 82504 
3679 17
64846 73820 39446 54193 20209 23169 15648 32628 8895 30290 77953 73279 49586 53944 43919 33897 91484 
4074 0

5064 0

5107 0

6313 12
43265 31659 55835 93797 71033 87162 82829 11942 28797 78987 67578 40845 
8181 0

8981 10
52999 68881 53912 73258 36381 87611 11981 15079 92873 89217 
416 17
58698 71411 34561 348 61397 10280 80870 97542 78548 84065 57140 85782 27052 96196 82929 1508 19674 
1283 18
18667 96458 30634 89194 45905 34956 38825 65797 61184 78912 87663 99157 50561 9751 43971 21454 18163 29280 
3730 0

3944 0

6229 10
75827 17584 8106 76302 14751 81657 28422 24198 61540 10817 
6772 13
23500 95671 24112 88834 95512 19919 62509 45113 86445 46842 90050 75938 68161 
6997 16
78792 5905 17992 15745 789 19589 87668 40161 89931 72751 29304 28159 15852 98688 66150 87233 
7193 0

7984 19
56008 97991 38861 60574 88120 40900 57279 98660 83098 78896 27980 59248 7690 55615 96995 57104 44930 6981 91557 
8005 0

8109 13
52328 34450 42969 36052 75268 5407 59017 31540 66840 10811 52339 42782 23360 
8795 18
24629 31898 30617 20115 34827 89427 81608 11887 47816 7588 19282 51607 72714 75616 35653 33606 7515 36151 
906 12
75208 2770 51287 46263 73612 24241 60103 44052 28069 36627 87150 11604 
1195 13
34 67451 14934 16525 79555 65784 58034 60713 12925 61163 9331 81708 99673 
1659 14
43695 55938 76475 35568 50300 17025 42808 75181 60276 56181 19804 66551 6279 53843 
1789 0

2786 14
99560 38790 15562 27246 55427 37310 34993 88803 10714 25368 53376 7537 29626 72419 
2942 0

3091 15
29249 57247 86977 64373 24479 78266 37800 30466 33403 5660 90370 50612 33875 8607 11278 
3548 11
40089 18494 49240 15037 62046 7620 43615 69461 72581 98495 85798 
3794 0

4439 18
11204 39744 65954 75100 20796 99588 30114 6785 72389 42593 54368 91600 24579 13903 10386 75771 9881 40174 
5023 19
8667 13803 50887 87136 31201 57179 75447 85676 73933 90649 54788 44869 72850 71227 82184 66078 5825 42712 32205 
6441 0

8260 13
43255 92119 63560 3518 75316 81941 87805 8391 83122 2337 47005 59725 35133 
9367 0

9486 17
144 85828 81616 29916 25217 42294 77993 3667 47863 96171 13021 1142 25214 29781 50136 88324 88042 
9855 20
51479 2999 56073 18568 31629 14014 64392 94033 69233 55738 45533 84226 89198 74200 21342 34698 60258 83257 24583 79077 
462 16
73681 45164 29109 36094 11995 31505 65678 92412 96865 36722 84319 76817 82077 12322 88288 72407 
661 20
44823 87312 77606 55860 25973 32402 83190 15297 46618 9112 5110 48941 86001 49350 15973 41272 66405 31489 50977 26557 
1342 0

2144 0

2312 0

4138 19
57207 68663 34073 57000 6958 74424 67693 97831 45495 55497 37046 17444 45568 92204 41421 59332 16048 7028 96595 
6953 16
44169 71259 84887 2391 29728 52169 46501 4460 67642 13413 40597 66523 54548 45821 46259 6931 
7175 12
75263 28784 28230 4082 68888 23413 39305 55577 66907 96386 14897 17709 
7358 20
45114 30585 6016 65619 34271 51487 8226 67570 88944 34122 46729 65508 47834 81543 36550 59605 46203 41726 63957 81897 
9100 16
67500 48829 41747 14179 53450 59863 28665 72373 6610 24333 40503 11852 1905 26345 58793 79050 
1349 19
11511 63894 22375 82237 86640 50069 44508 45850 8164 17539 75381 75694 74174 32056 94002 19353 28366 42110 56202 
1642 0

2469 0

2652 0

2939 0

3631 0

4112 17
572 46917 68058 13957 8516 8967 30218 67144 7423 20577 95395 65305 88453 27645 49884 72854 35584 
5810 13
61998 74884 74309 81225 28584 78145 78493 86804 51085 21603 7993 92677 63360 
6386 10
9874 22813 49757 67054 11094 19711 2109 17594 71764 59511 
6783 0

8050 17
68239 24179 42059 70363 3975 93694 50751 18693 12728 88971 813 37194 78373 63265 63540 36105 39647 
8226 0

8283 17
93624 96375 84177 91275 52552 75797 93762 77395 75951 13885 69572 94482 81890 34666 21288 778 29584 
8285 0

9053 0

141 10
84401 37098 11061 21027 52135 1616 33554 42032 27534 61373 
1229 0

1737 18
24216 28258 74518 7610 11483 18610 7055 10209 35667 75599 96574 63090 41108 39513 1912 75184 38352 75169 
3148 0

3245 0

4589 18
35659 25544 42443 21652 65364 15019 68905 57543 37167 85547 96657 63137 96842 13094 69690 7474 16290 60847 
4592 0

5263 17
41725 32725 27573 73291 63602 83457 78398 34601 64389 15260 805 37405 36344 38744 90365 21385 35600 
5569 13
59384 64850 3796 34230 83966 84254 49204 9565 42224 1429 17805 54440 62797 
7511 0

7555 11
49271 9913 98853 80645 28735 59433 34991 62262 33388 31057 93960 
7709 0

2919 18
54171 86866 66105 36354 2194 45296 26334 43217 22673 37464 36953 92778 832 41339 81202 43173 22402 35907 
2977 13
1255 2309 15505 17198 26975 5806 51874 59016 93384 55942 12353 22277 3911 
2994 0

3202 0

6338 18
28228 87196 50679 68607 87956 24605 97460 84191 14542 99700 95615 73241 45550 85867 12190 90076 3993 60792 
6636 15
95361 97223 997 1816 34089 60066 47982 54092 42641 71874 75695 47875 5454 88953 32592 
6979 19
40294 76206 71246 22906 18600 71799 25493 41412 41474 30325 3425 43631 32591 89839 93347 15498 57859 21211 8991 
7494 12
4463 51017 85508 90878 36353 41288 70468 10663 10857 623 76735 79302 
7630 0

9948 13
90758 83858 4624 74943 23869 10231 7578 60007 24599 44866 15301 55894 78907 
1348 17
90465 19371 10838 81953 13098 6111 65834 73329 27379 53262 58518 41574 9142 90943 39422 55706 56091 
2097 17
30639 59220 70408 99396 13950 72902 19472 71974 84576 12344 56512 35119 55915 95184 4479 36914 58614 
2737 19
3325 43703 1780 25708 78710 3905 89450 31512 87118 77444 78758 46156 9560 35484 80130 33748 64827 13839 40330 
4924 18
56151 48782 92541 44645 93078 44115 59614 59889 71417 66609 99110 21951 66797 33792 87012 13354 66749 6532 
9460 13
66906 3868 22338 94677 43007 19632 2404 60724 72555 87181 10043 27752 87693 
350 12
4757 8204 39345 10810 77936 28363 55647 2565 16689 34408 63551 43238 
973 0

1967 0

2457 0

3993 15
56292 50285 63237 92861 21837 90129 22861 47019 58199 57768 43520 89549 4313 80554 60365 
6342 0

6760 18
76560 950 55649 55458 18940 84077 39307 10514 62767 58782 1126 44692 85057 77028 92406 52244 65570 98616 
9061 10
42091 6623 97493 6237 40717 34454 47228 36314 14719 97758 
2904 0

4645 0

5219 0

5912 16
55233 99381 4145 13665 58401 35156 36075 56772 96622 15943 63121 7871 88435 77245 17694 14229 
7956 16
23650 59305 19498 99270 91358 83790 34990 2365 86621 8361 25103 43098 11082 39793 89710 76310 
8505 19
40259 10869 68405 75626 80284 70781 99498 63958 91543 64527 35399 4848 53693 86182 62215 44883 51950 82264 68816 
9610 0

220 0

526 14
16735 33981 16110 54307 29292 67485 9200 2504 33586 1491 62761 87714 69570 98157 
1777 0

2394 19
34607 36193 29201 9796 95029 63799 6758 40639 43263 73569 36757 12871 83514 25967 1998 96142 20575 47576 94214 
2426 0

4637 19
89342 96659 36055 26142 78679 89102 50684 28299 59528 54237 63609 20123 67409 48895 58115 16353 46712 95262 72198 
5853 17
45690 46472 52055 7334 26098 51319 74745 86337 74376 35992 98161 40237 95766 69503 15189 71022 78738 
6054 10
69265 4824 4114 52082 61539 56202 19734 15284 63110 58795 
7075 0

9218 11
24201 70639 23172 8590 89612 27311 50339 68963 41448 71906 35538 
9316 16
33100 83085 47309 75727 47249 19434 85069 23358 99852 5807 82906 42636 43322 78016 37623 70147 
2504 16
70525 86931 48916 370 34013 67989 58878 53082 449 33155 56410 95592 83227 24035 22770 7223 
3907 11
34950 33825 27219 45631 99279 39237 25060 42943 14146 58981 92245 
3981 0

5510 14
35068 80974 49426 66083 23029 61620 67104 45455 63147 69642 77436 64469 78494 15448 
6213 0

7010 13
76342 3374 88013 50049 6527 33506 73618 84419 76992 32844 9494 7866 36326 
7285 13
26738 74374 73564 40018 69891 63576 89313 83724 11089 24772 65547 5389 81492 
7445 10
15917 19351 80625 34472 54006 80365 33977 15716 84320 85554 
8518 12
41806 1534 97315 48724 38231 85977 56852 11461 22438 92374 36836 97852 
9027 0

9097 0

156 11
36043 13469 73296 65197 54977 46885 42859 1251 47307 15885 20438 
322 14
37233 6746 98762 24630 47789 72500 52127 96607 22915 26229 86071 65870 11553 41345 
561 17
25871 58923 96955 62468 51002 85188 8987 97761 8806 95256 53763 74585 72772 97800 99897 51720 81332 
1356 20
57786 77787 15920 66975 40507 83283 1718 70779 13975 89796 56979 74453 74656 52190 7850 49706 63860 73445 98328 61543 
2510 13
88952 410 58393 20151 70989 68356 51299 19813 94567 36151 39652 90510 58544 
2868 0

3967 0

4709 0

5851 20
21555 8445 12513 95728 79965 87530 45502 16980 21719 99002 3163 30381 17291 85653 35601 23556 56563 50129 3982 21720 
6253 19
83025 77863 10342 71436 34810 43797 98355 9713 1822 98882 43682 51545 51496 25956 81202 96307 66108 51490 56995 
8314 12
3608 8642 15104 49592 41045 26183 2974 41770 56962 68776 13404 63791 
9833 0

1201 0

2848 14
65442 83820 43702 50366 33192 28308 69102 77165 58578 28054 94845 98293 31963 74347 
4194 13
73906 23520 21300 53815 19288 13128 40861 54420 16943 66263 77193 56177 7184 
4614 13
92694 90052 44479 32798 4248 80231 38614 96201 76366 11040 59414 6797 89416 
6493 10
80393 24233 92547 75107 95151 82563 88148 17080 18975 56683 
7179 0

7308 16
56598 78871 24598 40867 97823 21713 10896 24479 54440 11678 29482 31752 48460 67249 38808 75913 
7786 0

8056 13
19817 31110 35890 17128 24457 28167 3561 75487 34361 96476 63827 87430 45770 
8178 10
9401 4923 53621 50677 50605 45833 40436 81080 40020 96730 
8449 0

667 0

751 0

1617 0

2738 10
60345 29926 90672 99070 80013 87867 11467 85669 51020 79375 
2901 19
32616 25691 94766 71126 12040 32970 67673 85111 20707 88634 58807 13741 19814 6452 34002 16397 55482 55760 21422 
4277 0

4704 0

4847 0

4892 0

4979 0

6006 0

7025 11
10805 18708 76817 98482 33186 19809 52644 19506 52788 81812 5509 
7038 17
3068 87874 61179 45102 80352 34793 95361 74706 19777 70019 22970 64379 16268 1508 11272 99644 43484 
7201 0

7407 17
41471 18397 19051 56070 75113 5091 46170 58136 64217 84012 17054 71967 90246 72956 65910 88573 99915 
9423 0

2044 20
27066 73699 63471 2766 79761 71861 84863 92294 29958 63723 59429 69976 90947 7230 64546 34336 89068 39554 25945 69029 
2110 0

4496 12
86869 54582 15628 2210 53580 92646 94856 51627 65932 61278 95947 93963 
4563 0

6115 19
8724 83165 87223 63246 37543 15175 1292 46716 68866 63877 30659 28690 7852 61183 25374 77082 74708 31377 20120 
6915 11
85197 29988 42644 74797 65488 39955 71522 94434 85422 5398 36036 
7261 0

8124 0

8409 0

8792 0

9489 0

9540 0

1668 19
97548 17657 55783 71723 40392 80410 45921 24030 36335 67446 77215 21420 54122 88494 9362 58743 44718 77181 46296 
1984 10
92038 60456 12902 33105 41551 80178 32744 95766 33464 29613 
2200 0

2541 18
25662 73929 79040 43459 96147 57554 12444 12038 41831 19302 54239 32094 29965 98796 23352 5197 59039 14967 
3246 0

3342 0

3720 17
94835 11291 32015 63846 41114 85826 73304 19264 39381 47043 35343 31747 46806 48745 60814 84943 70147 
5097 0

5311 0

7104 0

7731 0

8648 18
33752 85459 10856 70053 5663 61228 80463 15391 55376 92903 41666 25704 22446 40446 81295 82906 5890 31855 
414 0

693 16
39490 66704 32671 24973 52967 35676 79029 84908 77061 34392 70660 66038 38587 18233 98204 30884 
1476 17
36162 80283 72019 67690 81097 57158 62389 19419 86219 71712 67602 97603 97715 75901 1961 96318 47921 
1868 0

2017 17
23740 17264 57327 5622 75426 3036 14595 94563 29367 74179 97604 76967 59125 8443 67785 62087 20243 
4284 18
95026 4492 74488 40266 55489 99442 79590 94524 84059 72299 23103 37144 79501 33387 20698 76024 39219 91306 
4386 20
81146 51559 51286 74910 8144 55589 2757 76411 20278 1441 70149 55159 58984 41057 41768 50686 25605 63486 53983 27770 
4717 19
61563 28190 12998 65413 36568 43891 51880 81351 2654 56201 3319 49956 68665 61195 79767 29078 67252 26828 86264 
6960 0

7841 0

9960 12
10159 54985 62212 87648 64334 6102 51956 81485 19578 90539 72726 72481 
2075 19
18433 50393 49072 4859 70852 1448 87118 38228 24782 39111 39879 41424 69430 92693 84055 86288 18122 68423 99139 
3483 19
51336 87119 38455 909 94004 18848 30642 88637 11010 90279 87024 72828 91934 42098 37523 82304 69536 1098 94901 
3854 0

4154 13
35994 59035 26091 63752 50924 66068 32941 2105 51548 3619 89968 1117 816 
4506 14
5368 32001 48250 93152 9268 68459 39993 88297 63107 7121 98349 38358 69560 46480 
4893 0

5184 0

5360 0

5388 10
16596 2510 68884 6239 22454 56049 29262 47577 31625 48235 
5857 16
65193 6504 40680 25390 67607 58643 7444 72811 85184 22716 86694 32808 76320 44471 94779 99699 
6916 12
69602 70456 11809 72127 30454 41285 99970 50484 1234 28824 52775 73880 
7937 0

69 13
92147 35067 52387 86023 61389 24952 5808 51531 11810 68154 65739 84681 61912 
1970 11
13325 17137 60864 60718 71777 35806 22341 30317 49785 80411 92429 
1996 12
34632 30382 73587 26562 33775 63868 24317 67027 15683 83088 69113 40074 
3025 0

3586 13
66498 71835 15365 43105 57227 44102 74127 40780 69041 69328 5869 7837 86665 
3991 19
89303 74394 13418 14661 46311 20429 76039 84748 19820 60091 18276 59533 965 63001 49440 53412 90156 47613 14943 
4319 0

5805 13
11382 10948 42416 44922 42579 26733 750 17515 60441 17082 89107 38167 70432 
7344 0

7914 0

2976 0

3876 0

4618 17
78319 62124 86718 95468 63734 12430 18713 78103 44069 56330 97876 74901 73190 49356 99623 39285 5242 
5390 20
41659 83944 1629 98409 6763 41223 80485 32506 75021 26973 41258 96555 61675 46059 37734 91957 76674 5053 9937 65140 
5532 16
99553 58431 4594 84803 70554 64219 76154 9624 56444 75618 77124 20449 36759 45150 8841 81458 
5687 0

5789 17
30447 31614 62416 5401 50132 69491 16737 13429 54566 78124 89758 34964 87405 15119 97026 61402 347 
6387 0

7839 19
99997 60653 16484 94038 80364 74508 13704 67734 33645 24635 4628 26812 33866 25222 53652 99122 56161 25682 66130 
7963 0

1873 0

2138 0

2339 18
95783 69216 48621 88562 676 93801 55998 13989 65811 16402 86162 82212 98479 31604 5851 73062 84827 63521 
3277 0

7078 0

8628 0

9096 12
95825 91376 37455 35543 41134 83646 22767 56082 37806 85824 30748 38478 
9108 14
5784 14044 87785 67184 69876 21047 42463 10878 2947 45545 97664 44442 3767 85237 
9315 0

4803 0

5345 0

5555 16
72557 3773 40617 53231 48511 21604 26780 43114 88406 41617 52666 5128 43089 44824 77368 15588 
6603 0

6698 0

6751 0

6976 0

7582 0

9160 0

9985 19
94829 27065 4521 81477 71651 81469 5474 352 43277 44342 46976 86708 13262 95315 31641 35989 39791 18118 57997 
820 0

1432 0

3550 14
30761 67059 36462 59389 61815 25997 62814 77749 74796 48062 44797 60417 9428 38174 
3999 0

7096 13
74848 51471 21657 14081 37822 59961 74167 70558 98137 11788 3912 56709 7263 
7293 15
70986 12574 73884 14763 49312 44087 51647 57054 36429 78972 14667 49885 3704 39981 13465 
8624 0

9203 12
24592 91060 8113 83264 87616 27088 81842 67814 38458 71731 8470 6905 
9616 11
17570 1364 1692 78190 26504 41559 86840 75156 16417 99815 7556 
29 18
69361 80532 50056 99675 23600 12708 69534 33336 80009 93750 77682 68449 68691 66311 97733 77350 33042 55674 
1029 0

1515 0

2440 12
273 95621 17250 29022 95859 51054 32503 38466 52280 48961 36019 44569 
2890 0

3726 14
98339 60925 28561 25619 64529 19778 28990 84645 32226 55052 36631 85115 4363 64035 
4278 0

4556 18
64604 37414 15115 54089 43049 32157 64985 36222 87866 972 91644 76785 57800 45034 40510 74165 56560 33926 
5357 16
86499 2897 28226 14299 49688 86311 88026 61616 69433 23666 41159 30926 61566 41964 15395 29070 
5635 19
54205 50090 72732 86870 76916 43377 58156 25642 57236 37473 13394 60210 71504 32143 94606 61221 23086 85062 21248 
6025 0

7645 0

7658 0

490 12
104 44257 30696 53040 88188 60348 737 39605 10519 97000 24207 5411 
829 0

1973 0

1978 0

2250 15
46943 38008 52198 84817 68845 70257 19243 95542 87671 54812 87037 14779 10297 3417 3737 
4084 0

7143 13
55892 35678 46194 33208 45165 90787 82181 4712 34953 81037 61091 71568 20580 
7575 16
96630 43509 14517 80057 43121 99998 79454 81317 66420 31529 53525 57733 56723 67566 11851 60496 
8098 12
7982 48510 6241 35499 78523 32178 45918 52912 98316 20487 83543 86941 
8989 0

9095 14
92928 86290 86613 18313 72812 17192 14246 12473 20395 49484 75822 93109 3621 37934 
9564 17
56167 78145 70424 47827 69604 38194 94564 4400 65091 89514 87438 39193 32607 77329 36491 3879 92259 
9761 12
74259 91084 54689 97684 28058 3750 87866 34675 61586 97918 55044 91986 
787 16
58404 18196 56648 68117 97031 28454 28770 93804 22951 44816 87547 14260 28862 26830 39007 65673 
2881 11
80716 25536 90360 76033 20498 5967 43130 92110 13893 96993 17468 
3707 0

4535 18
25667 58582 96236 60973 23752 17603 28322 69520 57008 77091 30949 7516 59703 66425 81877 4879 28816 36600 
5558 0

5933 0

8677 19
75934 95939 57476 36527 98603 86212 59762 63444 70719 69066 61954 65537 5765 54100 55736 84362 87787 11813 27075 
1024 11
52032 38759 4972 32114 58408 24268 61721 82442 68426 20277 22368 
1307 18
54991 72959 46815 77218 30185 75297 48817 23465 60016 37105 40496 86902 82495 33850 76167 1529 24787 52535 
2252 20
28909 12246 61904 68416 14864 37181 98116 94128 45591 20491 6297 45813 43402 98399 5275 66032 17897 75086 54837 48674 
2548 0

2819 0

4101 0

4251 12
60970 80598 95377 41937 61616 93029 15036 80130 49793 46481 7613 16994 
6109 10
93430 12003 1178 25854 71786 89884 61318 39924 19931 30948 
7363 0

7611 11
18521 72767 77532 30601 38709 53390 56217 31248 11570 47914 71784 
9573 11
73438 45212 23543 69101 44169 45598 79675 2480 4039 59834 50136 
61 0

458 17
16259 80536 30142 28797 15900 128 45076 97306 52949 56783 62355 48823 28423 31129 43977 11323 50016 
1246 0

3742 0

3868 16
35657 14853 88866 78867 79373 15235 20585 93556 8246 71860 45565 48204 36551 38492 15483 77797 
5397 17
78555 46379 73351 53613 94475 53554 25888 5699 71639 53189 90129 3816 77282 27789 54150 98963 15078 
6235 20
85956 33564 10813 21213 74048 89751 44347 98310 20599 2510 89434 43368 16201 54675 23126 27975 67868 14188 78483 51514 
6900 15
61143 26881 95188 84837 90465 17678 49873 65779 31425 33507 30226 9796 40778 56122 70957 
7995 17
7514 47295 72285 28990 19974 74621 76518 78404 30852 96627 55364 5768 25285 38128 77993 95027 64041 
8893 12
38000 90842 83218 41848 17105 94973 53488 1543 66601 49793 3751 40824 
9081 15
56624 37630 86117 8893 34619 71966 31591 27930 36605 1161 3001 51304 82682 55774 93266 
1397 19
11232 92248 62582 95221 13136 18788 73566 66665 36689 29597 17529 83582 65433 50055 56640 80506 14265 1422 45733 
1989 13
39893 85142 51836 64154 89037 61260 24761 53033 60870 97175 80644 79182 70849 
2137 20
88626 23019 56949 44632 14704 23621 70379 36726 16397 26245 46404 64790 70737 56775 24477 93795 75016 4572 37854 75376 
2244 0

2276 15
43859 88880 22235 60061 28198 39529 49600 75298 80809 40974 16594 50057 53887 83080 59168 
3919 11
4461 90734 56056 1184 66590 69802 40245 94347 89941 15819 21917 
4037 0

4631 19
9577 52408 80023 98260 40434 43970 85608 80045 489 80217 49982 15196 74390 12505 6866 63708 66446 56132 49649 
6893 0

6966 13
15390 31074 7993 39549 60597 94353 910 38473 16670 19073 60828 90600 5047 
7120 0

7243 0

7349 0

7624 0

7875 10
42940 9257 27527 66772 27280 1899 31130 57116 19248 94447 
8180 0

8831 0

9103 10
94900 59467 12231 40936 51298 49435 38012 98080 46179 63709 
9872 0

1711 0

3229 0

3318 13
69979 58059 61006 22250 15194 43084 1598 80271 45513 86023 76786 94732 32281 
6517 0

6623 0

6885 0

6957 15
51669 89883 41944 32686 4446 69907 16211 97950 35443 23121 94880 8280 72670 93239 29776 
7438 20
43162 39760 1137 92491 50938 74677 86426 68645 89848 76815 59314 29776 7093 42865 35463 85581 82920 51686 50115 60101 
7493 0

8211 0

8644 15
23452 76680 73627 22724 30861 51062 53074 68386 34444 35464 89846 89898 26767 87213 34877 
1425 11
90989 61665 55771 41816 71125 24556 82434 74273 74693 68541 44715 
1679 15
96725 68538 72933 20174 57066 44342 6282 19995 25432 91367 89694 90049 28976 51344 77193 
2943 0

3525 19
5122 89782 97816 53202 33222 22992 54655 28338 80204 60690 11729 99793 88124 39839 72796 4701 90138 9648 26248 
6588 0

7737 0

7801 14
46320 64401 64579 53143 66911 42360 67131 9805 92511 74929 34242 52343 8998 5417 
7881 0

8848 0

9265 0

9294 20
68640 37479 33522 72711 87581 96726 97076 57295 89243 48181 16973 54341 42080 37909 57516 747 23597 42870 59429 7009 
9548 12
5328 65341 12593 79741 50610 2920 87321 49282 76966 90100 42365 33079 
983 0

1154 0

1345 0

2567 0

2608 0

2986 0

3698 11
8503 3504 24081 18098 64709 82055 68347 32312 91786 29770 32386 
3877 0

6485 16
97158 26082 95339 21521 11652 32274 81129 76283 11608 86061 67793 67371 85135 99457 49367 11795 
6779 18
81514 64426 32041 55496 17379 47812 23458 26920 47364 64219 41851 80698 28854 42236 97360 2282 24773 96152 
7007 17
52012 4710 65628 81941 1617 97215 42443 37396 48876 28196 45220 98729 11291 80330 51572 13798 60591 
7470 11
24953 89688 30834 60595 97382 25892 47689 58776 14340 99819 84931 
180 20
72660 98128 84541 75870 97815 22770 862 87213 52970 57753 3243 56086 31588 54866 71005 35394 53633 79716 65750 20863 
370 0

1883 0

2497 15
11387 65230 89009 30941 33888 2357 90565 80191 10644 41298 81091 86828 17597 66535 95546 
3413 11
7166 46956 11789 14911 23259 93981 80404 44479 70750 56065 82597 
3553 10
64438 34662 10148 5665 56077 85269 17902 50288 77845 18201 
5890 0

5966 16
13419 24337 71086 68638 32717 87237 19845 31161 54755 49097 83074 84774 37855 27856 52220 44632 
6212 13
15924 10024 5696 84445 35388 28692 14766 35386 62838 11374 96981 29498 52625 
7166 14
99442 49505 98138 86148 58833 35811 43444 60913 59221 74754 20255 60261 99387 34912 
7294 17
92094 23108 14773 74403 87816 55349 83796 14520 9222 1412 21556 24763 64804 10973 79261 12787 83381 
9751 19
92385 67431 68269 94983 68977 6374 30671 81153 16176 40731 12414 97787 36902 15698 77396 86798 78043 83119 88494 
520 13
24213 19502 110 61116 81727 22444 63571 13982 13745 90702 30948 34091 41348 
1948 16
21221 62011 51547 44912 55184 90682 87494 44627 14595 80843 85158 39560 99273 27621 47299 21302 
2161 0

2651 17
87639 87520 15485 51735 6709 34930 66504 90615 98402 7277 89695 69343 35995 84919 33345 40436 303 
3267 18
19951 32154 54747 32751 31974 73566 16456 21116 6432 34595 74437 31347 37906 91120 74502 61801 39327 30344 
3719 16
41713 37449 47367 74216 38987 81004 94938 90708 23489 26483 7953 34807 89283 98025 80832 97039 
4038 0

5604 20
9206 26363 3229 75707 95456 26512 98019 88745 42354 83291 21085 19539 63423 63689 83808 89538 9978 60539 74267 98615 
5798 0

5931 0

7124 0

7205 0

7974 13
46166 88310 46572 76647 74034 26314 59320 71379 27448 36882 20571 45484 26355 
8222 14
89187 4986 96763 74797 80975 52797 40631 32921 56920 5394 63316 82830 45179 98195 
8300 12
62377 15770 73038 54196 92704 51039 9754 41532 60051 33813 10836 31408 
9291 20
28222 55315 49163 90997 18754 31620 61965 98661 85620 66701 18872 53569 6043 70367 26874 28135 21108 43178 67203 77294 
88 20
26920 28074 15842 95943 16004 9925 71517 87879 96717 8235 16584 42841 92257 30039 83567 64710 85299 2478 83687 13921 
2590 20
34053 70859 5742 81087 97615 83513 45635 43951 24522 90452 59603 45069 29997 66541 42927 58315 37688 78111 54953 48875 
2998 19
42006 16572 26729 12141 3616 87616 13822 31009 54540 14986 88364 95424 26160 94677 71448 59790 1070 41318 31381 
4026 0

5765 0

5818 19
63941 40475 10087 34960 70993 35342 1281 20394 59170 51908 98400 91785 14283 32589 84011 66216 72617 6644 55359 
7217 0

7259 16
72463 14752 40686 32807 40291 76191 70983 14943 76989 5724 28997 28376 44513 25195 28395 65832 
7967 0

8177 19
34772 86465 47292 61129 68303 19949 30779 12332 15824 72882 62193 42461 12082 18057 41349 87722 37076 27778 45970 
9110 11
99103 84142 8444 78629 27498 54757 67737 93603 90052 4345 34898 
9239 18
12123 24764 6754 6812 56230 35547 86429 65093 93009 78515 73807 75646 25718 95095 34855 52478 97260 55016 
918 13
67123 26806 26656 50606 86026 48558 92080 12247 76152 51025 49856 50540 3345 
3852 16
40172 15380 78232 9965 48069 60599 83839 72242 58777 74830 187 38591 53683 77060 77869 30191 
4626 0

5502 0

5589 14
63705 99825 59009 93461 68026 8447 18607 7436 41680 16716 32515 59911 30920 28172 
6215 18
17113 4949 11421 2140 96662 29973 4744 94517 16553 23386 45216 56408 52762 67089 24129 14576 94148 49415 
6724 0

6792 14
17248 3160 7163 2690 74662 52189 29429 71996 60785 18607 28459 5277 37289 56258 
6826 0

7148 15
52590 8543 3013 43448 49863 71203 15901 51731 4474 48396 13913 50825 71260 32426 52707 
8931 20
44975 99045 19568 51296 14270 48430 78860 64479 5681 30542 9389 46470 95780 73278 14462 68618 85129 73422 79669 56908 
9080 0

79 13
15601 68010 81522 75224 95827 20294 9743 17409 34003 40712 3069 92238 5547 
657 10
62073 35060 56560 28948 42847 27863 18766 39742 83887 7188 
694 12
62376 50489 2487 42094 49859 56320 57748 44731 58055 95671 76704 55401 
1596 0

1682 11
4814 64179 95196 53116 21978 15285 78983 71806 3620 30759 67791 
1886 14
76267 34381 24943 77196 19375 90527 18501 23337 69917 56011 99025 32430 27423 16148 
2557 13
36888 41614 88147 37269 88848 64183 12946 11910 82808 36464 57927 71911 72443 
3568 16
99956 66803 31134 3120 37582 40438 57089 9324 38169 20511 38570 1417 34112 88971 5430 15600 
4252 19
26067 73659 6511 72729 58654 28200 48475 56397 73224 51077 73169 34069 86957 92372 41155 19213 62340 69466 87121 
4395 0

5286 0

6330 0

6673 10
73418 23796 34572 65766 76296 54187 50888 51168 42973 30070 
6902 0

9508 18
67267 12510 24235 85823 5450 78213 97151 92230 75059 85016 40741 98168 14879 97289 7592 34392 11493 76912 
9686 18
66874 92969 65300 18898 65441 1739 29417 19857 82545 91702 58585 89718 67202 4984 3052 98885 67539 12234 
868 19
47902 89428 52243 50525 55200 48775 42156 4022 98580 50252 44131 4267 19436 17941 38056 24532 20414 71352 26508 
1164 0

3729 11
2650 25485 83971 45274 95081 52186 91787 11564 15581 92769 62809 
4065 15
69244 9496 6561 18030 50234 16624 44996 69141 90021 33951 59940 99292 43537 43277 86029 
4457 15
72866 48851 13166 39188 74825 90672 43625 29127 72070 29944 52833 87383 89928 89588 10762 
5513 17
3443 53280 56844 71501 49374 85906 44137 92024 39013 65210 4574 87175 31381 87634 75099 68500 58261 
6060 0

8095 0

9629 0

9647 0

205 0

1249 10
70255 10207 60004 24923 81969 14370 87288 13016 43004 76800 
1504 19
10783 39026 87612 33029 12996 27272 76629 48312 25159 89495 73289 60114 5201 55493 53279 36228 95023 6788 81801 
3932 0

4813 0

5565 0

6416 19
31915 74318 81253 20964 47968 92349 52550 5425 16620 95684 90005 99308 56390 15413 66830 10699 45119 10158 57172 
6794 0

8330 0

8828 0

8912 0

1331 17
31281 82656 12924 72349 41770 86946 38127 72124 81015 59974 53581 59676 69820 69818 25333 3541 36055 
1488 13
24347 97224 5672 14619 39288 37975 94939 22695 94462 1762 80258 33891 32887 
2928 0

3552 16
42 46670 4127 69434 58989 12167 64890 31819 43720 39157 77022 68779 53591 15879 89918 85967 
3694 0

3837 0

3963 0

5065 19
9950 32542 77520 40458 6870 28703 99038 20130 71880 311 28614 71471 75917 3096 99758 62380 69453 89812 63892 
7442 13
84007 2411 95694 43972 75666 51910 88066 60742 31144 18588 88608 7033 83475 
8582 14
56004 41460 73331 60342 36499 83989 26310 78272 36362 90971 49047 91550 31680 95124 
8793 0

9077 0

25 13
28562 16523 79583 69060 8959 97951 26816 14449 87370 87786 60620 5898 31263 
733 19
49094 74547 27665 76251 39705 92724 65928 83833 13284 79180 92955 10133 67770 66261 95415 5837 55817 80266 86454 
5100 0

5551 20
30948 96884 61909 35382 53504 16393 69726 42531 2612 82686 2017 12935 25876 42489 40140 99068 2528 49872 46752 29773 
5561 18
45745 83556 22956 62957 19769 86943 77839 16694 88233 22333 63862 66602 60024 89336 95691 56036 46088 78902 
6079 17
81771 51612 72673 10997 76709 16853 77000 15659 12844 61223 26665 49 22024 49798 97034 80276 36151 
8388 16
93683 55489 5630 65980 57484 73436 92996 93028 47698 7524 70556 60592 40309 693 25618 97776 
8390 20
83316 60519 87760 9561 27709 56049 90497 17788 42303 70232 18962 49743 65036 32568 48266 52167 93150 44742 90866 1030 
72 0

1044 14
32697 14907 35191 47616 60239 36160 60633 60159 46398 72992 94797 2081 51997 46663 
1830 0

4613 0

6929 0

3593 16
43069 98014 63957 47659 25849 43298 28053 56321 97806 34994 54417 93767 63730 86790 4356 67321 
3617 12
23200 44752 91049 28124 84356 96141 40209 74355 48872 69277 19089 65327 
5117 0

6152 14
23049 3713 94538 71362 5991 24180 71306 33034 6315 14160 16806 6747 28053 75597 
6939 0

7734 0

7833 20
17284 65603 15040 25955 82706 77924 48921 6455 81100 76171 13335 13413 75439 28263 951 96292 27970 28929 80729 55296 
9002 20
91892 37414 12124 74681 86336 57226 2591 52024 62316 13716 14234 39863 77985 49905 58943 99659 31122 42901 34020 16782 
9227 14
30542 66562 54980 98859 43939 14391 42200 75128 17766 38461 67461 18981 63726 27902 
9285 0

317 0

1992 0

2111 14
5996 8110 6653 29311 43759 88323 6578 47961 60359 38453 10258 60105 26952 41618 
4164 16
31466 83030 91515 84170 83957 13419 40738 36802 44932 5488 35906 87460 4947 4903 29670 32376 
4380 17
44273 46072 5229 66833 20565 20263 21474 42963 18963 38621 82752 61185 93492 52213 43103 45042 11324 
5423 0

6232 0

7424 0

7729 18
31058 6685 80885 31033 54159 15641 15638 16001 89627 4197 43920 25440 24647 72099 28235 74182 5343 86053 
8269 10
99085 79907 75850 92585 19008 38395 40964 19870 54099 95653 
8659 0

4116 14
40454 61807 41152 52495 10414 70766 30546 67788 9338 28986 36488 19149 14922 43174 
8128 11
78649 27904 2429 98960 95115 53094 19960 19901 6491 25117 260 
9353 0

9810 10
33464 95564 1912 7955 53669 72649 8905 93754 53684 4726 
9847 0

1985 0

2973 18
99807 69762 48717 33642 27393 34494 18578 14362 98433 14497 75883 61101 78862 33853 37616 25017 34945 12163 
3764 20
84960 85103 60792 69583 89748 69806 6181 60695 26712 4642 56429 95518 71135 33508 51167 76664 83190 6290 86064 75741 
4072 14
72640 66899 20232 49199 68899 40813 45975 20136 79313 82737 27998 79547 82192 24964 
5386 11
65754 4963 18316 87326 42897 13760 65753 43464 50928 47129 46440 
6977 17
16614 71114 97203 34286 50143 99975 1942 17293 75975 32183 26326 70449 32393 99006 70124 48057 66128 
7830 14
43505 66809 85147 51238 77190 64497 52375 50132 7133 41142 89960 21907 83384 34488 
8536 0

1303 11
69822 86784 62938 16140 57796 68932 81156 81411 61669 38393 10712 
2722 0

4397 18
58227 62566 1045 61075 88370 10042 26663 22832 18659 47282 5263 766 78149 41856 57816 63839 27853 70596 
6185 0

6250 0

7258 16
13832 53365 79746 66786 73383 79404 60285 66192 33015 51793 83588 80630 49014 58199 9938 77350 
7803 0

8751 0

9168 12
81278 78390 96405 28484 5391 26275 643 22703 52598 34540 18334 5688 
9204 16
23565 41533 54110 30909 77844 63140 27638 82570 14911 94816 21536 1827 15641 59900 97721 60050 
242 0

410 17
10196 2897 65641 2155 58919 80829 62165 86274 41174 88539 16982 51626 36890 75795 47334 78865 97393 
1403 12
10231 42019 40767 74162 80403 59518 58077 60650 94238 68456 55951 8000 
3134 20
48041 78031 56152 55714 34939 79014 76719 49408 24736 57609 57795 34373 35068 85767 66699 85527 76660 51206 96407 67351 
3737 16
84845 49181 12565 70424 21489 85327 68991 12217 43515 88312 34756 59688 43158 59149 21407 47737 
3865 0

4083 12
71983 1959 50999 52309 67135 43990 23437 17715 16089 3262 20469 92141 
4669 0

8404 10
37115 58196 82120 96954 13368 38866 36801 91728 13529 44882 
8618 0

9733 0

381 0

585 15
10728 22158 28778 47000 95338 68035 72114 62068 75655 78187 7897 40085 58239 98225 90553 
672 0

1110 14
82667 63840 17878 46345 79109 81924 52822 79216 31146 94775 46752 13971 76657 11124 
1241 19
7283 29536 32832 64170 6017 35438 38480 22364 67054 90313 25953 86125 31753 58465 34500 30381 47856 99029 33262 
1361 0

3369 11
36496 1077 49076 15038 50739 19956 38612 61874 64757 44346 17204 
5426 16
48107 75702 8856 68419 45328 72459 80817 94840 89167 51907 19950 55517 28081 80783 72585 5925 
2119 16
59456 95209 47154 23288 10162 45675 84550 27592 39745 88212 4940 34485 12283 40627 93238 76818 
2131 0

3164 12
49782 31190 32687 72596 97316 67484 31033 69313 61670 7633 77109 66562 
5761 20
82127 49440 59747 58793 77951 58848 13204 70757 22202 51586 90546 19707 83633 17367 82537 10195 7101 9465 90886 84117 
5888 0

6597 10
88275 92021 61254 3198 15458 36057 65480 7440 97363 53302 
6618 0

7177 0

8138 13
36224 67623 74246 20108 96157 88287 13542 66280 45672 14820 77636 42854 72141 
8392 15
99981 96946 95714 29951 80643 28228 96203 36885 2231 69215 41824 32513 6519 42060 20066 
9461 15
44422 40090 63315 40413 8414 16352 19856 35751 78587 87140 29586 4073 1827 87580 9925 
124 0

314 15
22302 50012 44995 59963 84531 64334 63165 1523 10109 88138 60167 93867 64337 70539 92456 
832 19
75680 53142 86392 3870 76482 12923 85275 29059 26078 54441 1489 98497 17213 4567 44419 42719 29746 89198 4118 
2783 0

2900 0

3247 0

3463 0

8427 15
33516 50819 79329 3442 98543 82993 85828 3291 10276 28841 79441 85437 63169 82839 43211 
8869 14
25250 27848 36087 38328 61039 49369 62772 82758 53509 50700 87161 13964 52124 9550 
1960 10
63258 67313 15752 13869 79988 35270 90691 30379 64186 71320 
4055 10
72834 89428 54818 46505 37116 22090 20119 24286 87860 62326 
4170 18
1918 9654 24690 62841 52006 21707 61321 8546 84045 80354 3723 39584 78045 62164 13380 56800 83717 22287 
4451 0

6446 0

6492 0

7460 0

8818 14
39943 27965 42040 294 98773 36626 86782 2506 70211 40659 95488 62386 18827 94583 
8958 15
60861 406 12006 9150 55618 60567 56082 19992 55120 37144 68824 35279 37090 59386 63505 
9017 14
19329 60619 91709 91072 65630 43329 80430 42812 95557 5712 91892 26768 14022 60058 
9775 18
7553 79094 77110 63160 75873 94834 4152 65172 58834 40064 63112 91818 96993 61448 10071 77427 51106 74620 
9795 0

165 0

1939 11
30426 5946 56298 75122 68505 7946 87958 28572 18390 83143 23542 
3767 0

5091 0

5990 15
46525 24689 63765 70341 27750 27051 55817 24991 8844 17515 30267 72817 71709 57778 35951 
6380 0

7644 18
43396 7510 69898 97054 11830 79845 22370 59212 43063 14114 14944 71355 37473 62560 51970 86800 89347 26476 
7666 19
67198 62577 83744 72848 6528 59732 74893 23158 4587 71368 7657 12676 64442 57985 43543 10829 69744 35764 21917 
9028 15
33839 90292 51723 151 85016 27682 70946 9170 18377 37017 69008 71195 75877 83450 1506 
9992 17
21906 65970 97315 18310 19245 12834 63811 50037 11896 2448 60898 94642 84675 28487 65697 54487 24118 
703 0

1878 12
33312 95668 44655 18070 28574 11468 48646 84076 55740 54475 98695 39007 
1927 0

2086 10
10082 71240 22534 21483 77395 69080 50175 10909 8855 64126 
2830 20
81508 74125 52506 2023 24754 43765 65030 69904 50999 11521 17347 2816 93477 3571 73779 27169 85802 22923 66058 62515 
3324 13
63905 77126 98469 63487 49851 6316 23321 16067 27589 56075 65658 80630 29258 
3799 12
46694 61032 11880 51969 19530 88472 10226 58789 80779 39530 15463 15914 
2414 0

4684 10
57563 85546 63262 14547 58392 46343 41616 82189 25207 75207 
4977 0

5849 19
2889 19152 45274 99523 80951 45652 45671 1608 89578 97553 15950 11766 13806 44926 15196 80858 75944 49834 79817 
6076 15
73316 66935 20161 31939 19881 16963 12702 98737 20059 50101 90393 18577 88709 8076 10124 
7512 20
2705 45226 64757 76456 93792 8122 64121 13473 35094 50060 25400 63912 32530 76140 90572 26310 74 88722 60390 50160 
8261 12
4281 4423 36050 52714 14258 52458 78430 69785 1120 13211 91973 93877 
9200 18
81025 95783 26733 86219 21877 90870 59635 72874 13319 40998 23611 94798 8628 75076 23736 15517 5786 49335 
9391 11
17410 39802 13629 12673 37406 48957 72721 56590 48509 51622 67200 
9724 0

3027 11
527 94987 55443 36246 30048 7709 26116 93498 686 62107 72139 
4177 0

4819 0

5045 0

5607 0

5942 15
84071 38755 4449 28518 16285 7265 9609 75667 46122 13868 97150 71138 62284 36810 6297 
9934 14
42785 61475 76048 31611 62769 13865 40644 50954 26078 33290 85896 12599 74498 48939 
1137 0

2257 11
53545 92596 49709 26567 35380 97877 83071 8041 44184 24086 37279 
2535 16
31798 30238 214 91013 89687 69875 70731 82376 91069 11668 6673 74586 13128 84923 42348 71440 
3094 11
10417 26457 4876 19811 94442 70804 91141 96483 62188 72753 41836 
3874 14
78658 7225 59962 1910 47125 87298 59828 97819 97508 51644 99161 95847 92240 9095 
4215 17
89433 21730 64071 80542 71012 25445 67456 46303 18783 99574 97864 72899 9327 4969 2736 23126 12790 
6228 0

8254 0

8366 17
57116 92987 65423 85671 28568 6347 83744 87384 10967 48329 83581 53228 69000 90808 42380 42059 38146 
8839 19
73517 4964 61444 48420 15830 62467 81713 25978 11548 30601 13780 76776 24954 93992 79479 17418 66404 80409 25692 
9507 15
61625 84733 107 37861 82357 43700 38469 28393 46675 13243 50520 426 76685 22639 47750 
34 15
27800 37051 58167 95869 97750 6351 83619 22903 94768 78776 54026 89682 66243 88521 34868 
335 12
96982 14122 94501 51965 80480 76675 93125 67888 37203 47002 29236 37895 
3472 12
59977 1105 3501 95870 15701 587 54738 28175 35120 99557 92424 98875 
4473 0

4518 0

5202 0

5437 19
58359 63416 29133 62156 36537 10326 78972 49865 19419 70941 46209 40517 90727 94845 99313 39244 37541 75118 84137 
5568 14
65855 45053 72568 11333 67294 86322 66563 70548 40116 17432 15721 83113 22644 11989 
6001 17
23407 93593 68073 49955 16340 15542 9506 95049 51208 50160 79986 18285 79879 21401 2465 73661 44179 
6634 16
67365 14221 73348 20489 95224 48981 2045 10566 20397 11963 14480 19258 92692 53104 86293 76078 
6679 17
80781 47119 78144 36508 82681 35817 65843 72151 32194 29223 27102 55721 83887 67448 31872 25368 65611 
6821 0

9534 0

3470 0

4364 0

7674 15
23230 99203 48355 83532 13561 92671 33430 80350 22822 85631 38030 40955 96371 96548 34604 
9809 12
41078 57612 76882 81683 36806 91995 14461 23340 23774 68260 7458 8225 
599 19
12746 87674 11155 89722 86730 70241 84613 25834 23800 77874 87928 65840 2772 91700 78333 95277 77534 56373 20019 
897 16
43187 13632 30177 35768 89915 85252 31964 6362 19537 92813 64407 3370 71146 62212 44446 90241 
1478 20
16541 29280 81910 40915 94114 94760 88154 59763 16091 11030 29736 44076 95287 70272 31959 21990 99281 3165 56764 89956 
1899 17
38591 57857 25893 1716 3380 58204 60303 18414 42150 62989 9339 23284 93748 32672 54589 20237 27669 
2916 0

3507 10
1983 39656 38983 55491 45935 49256 90321 28944 78255 12840 
3597 0

6924 20
74130 79444 99091 71058 74778 63846 79063 321 11872 914 72342 72444 21608 52515 85194 17326 28224 26289 35243 437 
7452 0

7474 0

8101 18
69837 11981 46390 27883 19326 87912 77330 9825 44892 69595 25853 18975 7489 4386 96290 87425 8586 85863 
9916 0

1557 0

1723 0

2329 12
26570 29778 15360 22363 61537 66853 32615 63990 39794 19110 41841 40712 
3632 13
42140 94062 46997 91017 55839 34962 64088 87037 31648 60329 23357 73286 56974 
3771 15
88728 61793 84474 91814 36790 25515 68262 50067 29084 76040 17287 52795 890 82940 37818 
3871 16
38562 2283 52692 93465 60672 68647 67022 29774 93037 86380 6198 34264 67314 36057 83757 98821 
4086 10
78895 9796 14904 90228 46771 4242 77228 30170 66900 35575 
5321 0

5835 10
89745 78040 67862 93568 48697 30382 93577 73781 6703 24979 
5918 0

7804 14
3827 30002 90637 42228 79845 51995 55552 71461 40986 30785 72232 50894 65230 10549 
8122 10
6121 62802 98957 22757 53274 55650 70857 93036 99042 93479 
9638 0

336 13
20031 33376 95097 69547 14879 68306 35413 4018 4456 78480 45101 72530 708 
984 18
99627 67207 3243 10131 98443 62866 38364 26821 43392 5364 73305 20155 78657 43599 55512 3149 29093 64584 
2595 0

6733 13
26945 95617 93077 49628 89258 15119 40005 29486 43975 16580 37530 22144 99115 
8521 20
72412 83416 55003 64176 45102 6293 86374 14317 9525 66555 75115 52981 49863 5922 98065 86004 92700 94592 3523 53094 
3423 15
39192 25385 75475 58117 27132 88752 26412 33003 39312 84195 4815 82192 48157 76678 62122 
3792 13
47166 52065 66718 32753 92435 9826 75482 8578 98249 52854 82939 1767 1063 
4402 11
4185 77337 92752 59661 12941 56187 28026 94612 47813 15847 31459 
5172 20
71104 863 32583 57587 6742 52564 67828 45727 8430 40985 78612 17102 5955 52269 22553 51447 70466 24432 57499 4624 
5471 16
60059 69600 64136 31354 92558 62953 85226 67905 65498 14515 44193 24670 54303 33430 90653 70949 
6388 0

6442 17
27191 81761 6299 83160 71284 82710 69280 36383 52025 20785 38770 11172 36183 11660 71791 73213 25017 
7838 17
41456 32256 59223 10875 67961 34832 23853 4101 80912 23441 11511 76370 81182 3645 44970 34154 44332 
1743 20
24247 80002 24269 11480 20821 87627 76602 29366 23621 12591 94296 50948 34912 89597 65475 68503 12481 9692 23004 50750 
2565 14
13699 1581 90677 60170 67723 92265 60023 98444 98761 31243 1357 45078 53394 77450 
2991 20
38343 80187 44075 465 60312 11897 37044 35481 36568 37961 85266 90602 11800 3424 71546 18985 69656 5604 82300 16259 
3211 19
57344 2888 71341 93215 42423 75480 17693 74216 51082 33432 45273 60062 87303 890 8863 21718 80958 61302 23753 
3347 16
73956 39798 56624 46296 24924 67037 63417 79488 88907 86885 63909 73455 58386 18047 27081 42963 
5811 18
30850 72936 72787 13126 45346 74209 97719 25826 73954 17872 85320 27102 35642 6893 50897 74557 1668 99537 
8137 14
57208 4070 23685 50711 93445 17341 45335 17619 61271 56364 376 99971 79951 92511 
8338 0

9336 15
70375 98817 66404 89465 4034 14610 76358 50935 7095 31985 18473 69072 77454 18601 95682 
248 0

417 0

2520 0

4919 12
82160 89104 19554 24316 76319 74860 98753 6006 92830 60469 30015 97559 
5171 20
53013 32968 71222 16578 10543 30835 72316 49129 35832 8111 80163 59834 72825 52278 98516 58294 57161 31258 83485 22050 
5193 15
32326 28848 57071 55715 74255 31968 69331 78706 78377 89721 60938 21798 36532 45002 84756 
7280 15
6392 86327 38742 88372 24479 35778 35081 2535 80899 55355 1658 93565 5917 4380 5116 
7302 0

613 0

2837 13
50798 50938 99704 70238 91512 57761 42141 60348 43769 94003 67662 35309 93926 
3766 11
89793 41609 72504 22781 23121 52837 98159 97610 53710 24788 96098 
3883 15
24416 33589 45299 73083 51928 48709 42944 44369 60726 73176 52270 22713 81808 97903 99574 
3947 12
12650 55870 50385 70178 92530 40480 97418 21316 29341 6863 18930 46971 
6349 16
93970 4120 26165 26147 96477 96766 78121 92433 26540 63767 17469 26396 34113 82010 84043 21212 
6585 0

9064 0

9787 0

257 12
10011 46943 23752 88115 40565 30468 43841 35009 50651 47090 48541 7848 
310 15
56999 2192 9345 75665 99948 83307 91758 47216 18449 17185 27463 58340 22665 53010 14930 
319 0

521 16
35549 98259 4233 85149 7326 11261 57801 80393 84559 53166 88648 2254 61408 76673 82837 2059 
963 0

3998 13
91337 88054 89508 94628 4051 53876 71934 19932 97779 30958 57688 50288 64979 
4660 0

5227 0

5547 12
50578 77659 49370 89992 71951 3379 5500 9153 79694 35887 83536 77720 
6211 13
46219 78921 34066 27025 31699 20956 75386 72959 68981 33762 66169 71222 98515 
6418 19
7124 14997 22844 71901 99717 75744 36770 57577 81382 82879 55802 91998 96150 3708 55251 39035 4176 77682 79744 
6850 11
80685 87286 99700 35459 50099 52749 57428 88496 97265 79264 64835 
7191 14
39828 55622 84098 12118 97099 35312 55252 86154 33140 5609 60405 45325 20961 19977 
8422 11
65703 49918 1290 17780 62578 70695 71702 27526 27225 73609 32319 
9392 16
95834 15826 35946 12125 14097 41583 38506 94867 16853 61886 92031 93839 60152 4218 50804 17618 
969 15
11375 16352 7644 90538 3560 29407 4938 77890 94144 38137 36205 24281 51351 6800 64681 
1133 0

1415 12
67311 60818 12331 89423 36581 59570 83073 77295 11057 18746 86353 35560 
1420 19
88102 26410 11526 27803 24206 46426 76512 84686 24401 39276 20791 82035 74425 28783 1597 72371 18028 89894 80524 
1464 11
32197 70201 10968 6964 33607 90673 23162 31005 61212 32384 40376 
2552 11
56745 52282 6884 33606 8695 85285 58300 93487 682 8988 53016 
4951 0

7042 19
77640 79123 24343 42074 94727 64879 27467 69648 92896 18938 60582 38712 37687 10231 49221 72464 87349 1911 18110 
7098 0

8569 0

8773 11
17779 57468 13380 33557 5104 56192 85276 40334 89908 36647 75291 
9279 0

814 0

1002 0

2115 20
40196 54155 99970 62652 70698 3811 72783 52372 67550 50089 631 28285 56731 56546 30329 99988 57393 44940 36470 82299 
2990 0

4986 16
44980 52927 22541 63605 40099 3255 40128 36753 6363 66917 1414 54419 20097 82988 99737 25224 
6209 18
23915 74403 4248 56753 73196 50002 60849 94080 42256 83615 65669 4689 31357 53650 98836 4664 55237 82572 
8198 16
48942 92622 41823 51113 7524 79594 26204 10738 96298 88933 20928 59495 3079 66286 58483 12267 
83 15
13463 68141 80483 73003 43912 96069 20825 65409 85294 72666 41578 17989 28287 83179 31628 
354 0

783 19
18165 50900 32306 49971 63943 2958 41389 67862 593 99706 92020 99401 68715 55062 42106 85759 14838 80409 89896 
811 19
94207 60123 68738 50881 11148 66814 25691 7006 36628 43056 32257 84120 18871 33777 13093 87847 19254 58470 87977 
1940 0

3186 0

4374 0

5767 0

5873 0

5996 0

9198 0

360 10
19893 18869 31367 80851 9390 51762 80824 26241 30215 77074 
2203 12
14411 66772 70622 49582 71567 65073 36938 79583 42602 60445 68082 2832 
3289 0

3667 10
88836 41337 18478 80618 84363 62143 69139 31002 13608 67393 
4381 0

5896 13
53833 91507 6549 35109 25822 42871 88504 5847 1633 50877 96973 60851 25352 
6619 0

6736 0

7506 0

9752 10
27738 51247 5944 27133 43989 55576 97353 19038 7306 3775 
1807 20
49334 55560 89163 90073 88360 88738 74681 39933 77216 99187 63275 97929 7847 8010 93474 86753 94259 60598 92886 48294 
2537 0

2721 0

3529 10
65857 71227 75927 1810 36293 25057 31928 92291 3068 80431 
3626 18
83171 36207 64512 18769 43673 48568 60051 44095 97070 71046 93048 88247 12872 93140 71871 51156 35013 47103 
3862 0

4011 16
17556 62780 91367 93247 84344 25444 56544 91863 19886 45199 64750 71497 27377 27333 95834 37512 
4231 18
22830 96225 68464 33514 48429 7049 6070 93013 21764 83453 37715 52359 24035 81509 28 90565 26108 17548 
4750 0

5374 0

7770 0

8008 18
38386 78634 61943 93520 69813 86370 23597 69382 37017 33914 35381 3839 50829 78600 47538 18070 765 71377 
8488 0

9560 0

515 10
86261 88571 14908 50076 14317 6102 54890 50616 73933 89148 
673 19
59134 58881 65306 96349 17215 73053 29444 72520 50079 92933 44256 93437 97092 37068 4694 42583 74144 46508 20178 
1489 10
10960 16618 18780 89091 96446 40236 6539 84676 68669 98757 
2126 19
37437 79908 14772 46775 91307 24695 33272 75921 39045 80042 16653 2994 39158 5152 15433 92653 83515 18221 6266 
2354 0

2778 16
66600 11107 92159 64301 5981 7237 95289 53630 10732 6688 12271 5212 95839 75312 61039 13424 
3192 12
2209 36237 96441 87211 93968 37464 18494 80379 30196 76950 48592 97915 
3678 0

3809 0

6289 10
63421 93353 9609 11857 757 37646 80833 24167 67445 25275 
6468 0

8093 18
97945 3141 34533 39976 53286 17236 18541 46747 89863 22993 70998 15847 93112 11320 35669 1934 5675 84931 
9871 0

2876 0

8861 0

407 0

1316 0

2687 0

6763 0

8843 15
6612 75867 39604 30128 82538 26685 62185 51046 78685 4463 56130 58949 41602 41879 50624 
337 0

625 0

3218 14
86848 55521 1010 59691 95143 52401 84101 5162 65795 46846 23405 23072 37840 97500 
4430 20
37464 11400 62452 52219 58755 81339 1557 80658 44228 92534 36836 73238 68883 80369 3216 14462 12679 55012 37523 93730 
7071 11
67657 61317 28620 32802 54358 49768 72570 93910 40860 83688 83596 
7296 14
11285 36981 77828 49203 12073 33372 54115 2547 32866 9476 23355 79028 41134 51538 
2269 20
68373 24443 60244 54550 96225 54049 27432 16400 83406 96431 77141 48995 79711 21349 13151 77337 25367 7341 37632 36013 
2664 0

3307 0

3420 0

4398 16
92429 59630 79383 6175 1839 91995 58223 75088 65777 59341 72267 81038 29918 37258 68863 29501 
5530 20
70492 28038 59019 71384 81028 8809 19170 1436 78721 3036 76723 6221 95967 51062 59366 38569 36305 94165 15173 81846 
5697 0

6464 18
73743 58880 37271 70117 7568 73781 7421 84763 19163 42483 71231 42093 8972 88610 66338 51166 78557 49221 
6665 15
88816 49364 31325 50515 94640 96148 78328 20270 60207 15422 67942 14148 21582 90309 35658 
924 10
27088 59119 70719 68117 2345 30692 32869 9573 63681 2009 
2286 0

3167 0

4713 0

5113 0

5269 19
5257 41417 79595 66959 84148 38405 7929 50139 24854 63780 27223 9236 34903 32970 26048 86823 39365 55893 61193 
6423 19
29438 92164 64766 51462 23991 28524 83681 16915 40246 18339 7116 95350 77451 60935 6832 59936 9657 95909 10228 
6612 17
3698 26840 11996 64075 22393 21810 51976 91424 41036 90289 60509 53430 61274 63998 56700 1584 56585 
7822 13
86967 550 77976 68283 51399 70296 75535 15773 48849 45966 74828 20701 66124 
8316 10
15930 57841 16936 88459 90133 47223 71145 35067 50564 94677 
9963 0

4001 16
89416 8528 90042 31140 21650 77141 97667 79390 81051 65591 45852 29890 19280 13030 13888 51954 
4148 0

5668 11
64684 37264 66577 6203 51313 96666 50980 16157 41952 60769 78751 
6237 15
14727 50591 57855 85750 65844 91042 99963 35897 47326 11327 96515 39697 59450 44804 10342 
293 0

339 18
69372 27942 88088 77635 43697 86688 42160 79228 55575 37593 46187 34201 72357 36061 13498 52082 19998 17915 
1693 0

2268 18
46809 37530 82754 38861 16134 53492 45035 86866 7877 49584 17071 46685 35862 99746 30371 18519 78188 16826 
2655 20
80016 64957 18033 46808 83632 79903 81355 16138 33581 55319 90550 84924 68865 5767 69053 57456 78284 20397 29910 89725 
3955 16
87897 63838 48803 20670 6022 77965 13169 48400 38251 96437 62354 21941 88248 9607 21980 76480 
4434 0

7450 10
42922 97960 15695 87177 33548 91580 22218 78642 23131 3796 
9562 10
73374 17388 66324 90086 78801 6065 43028 82933 24074 54582 
1453 0

1520 0

1584 0

3915 14
45917 98284 27006 98747 72951 30953 67403 83261 63550 59016 74855 74117 60639 55918 
4677 0

5438 0

5999 14
75402 33623 96427 69509 10128 21000 41739 11566 50054 42056 89070 75664 70701 59137 
6084 0

6134 19
84770 17304 21341 15130 83989 16441 88845 28511 93362 14464 20223 46847 15983 59575 72197 54442 53746 8314 58272 
6940 0

8663 11
49876 6134 17711 8726 9850 60655 43539 56195 38608 97554 87246 
9506 0

9539 0

498 15
4651 64733 75135 38688 95302 85390 90223 11241 80075 77897 55274 74383 72849 84687 14276 
1521 0

2235 0

3684 13
36274 75138 66179 65974 81144 64184 13979 73767 50494 3879 38487 15994 52341 
4058 0

4463 0

4899 0

5590 0

6251 0

7843 0

8236 10
71801 6009 11569 29760 52580 93640 14396 91595 86977 68383 
8447 11
48818 27837 72714 5819 30631 66747 42675 32208 61640 23489 69837 
8902 0

5 16
31929 32713 47081 83777 14459 30091 69906 62891 34776 86009 98759 70553 90613 48874 41431 85820 
2240 10
94801 59757 26416 32689 4273 38090 18272 18780 49021 82465 
5114 0

6743 0

7069 0

8596 0

9429 0

9442 0

9748 0

1638 0

2923 0

3050 15
17096 31709 50044 89911 57053 69020 41617 80440 63291 20139 14042 55851 77035 7507 20053 
3243 0

4975 0

5285 15
26087 2419 17578 31780 84286 66260 88880 83059 669 67607 71759 39323 41032 64457 33018 
5654 18
26456 26060 59164 3479 47669 87670 58774 10907 89846 13720 3565 8560 80070 55252 94010 83268 49319 42559 
5961 0

6793 0

7946 0

8025 0

8070 0

1226 0

1923 0

2671 12
37061 14228 44181 20662 80477 50145 15463 8859 90416 82516 14101 35286 
3622 0

4009 0

4606 0

7499 13
41222 9796 33465 31954 19177 73227 51896 26531 37774 32669 42663 17602 84968 
7977 0

9124 19
12780 20981 21421 68026 32653 94572 40886 17411 15298 92274 12191 79060 72526 43429 60377 92903 62522 15162 44053 
107 14
48205 79550 82899 52031 18315 11806 11429 92509 13672 33607 50847 321 2626 61850 
1548 0

1824 17
81351 22845 72932 93300 24816 30186 29019 8572 65226 18005 46666 80885 33502 59120 15316 63962 60722 
2657 0

2824 13
46614 52131 7772 55607 97295 55254 14508 91273 97960 10632 72587 59793 87607 
4213 16
9895 20152 29636 77531 84254 46208 47974 79678 94145 26825 28342 94775 66911 16057 24738 30834 
5585 18
96805 82005 21611 21281 32575 22256 3807 19380 48826 8062 7109 52702 54001 47944 74742 72826 7655 88662 
6239 18
635 57560 50373 81944 72953 36532 31844 77607 16312 26885 27871 50310 79224 40704 45378 59596 94511 10636 
6769 18
26607 90677 17968 27316 32405 57011 87382 71709 42007 94055 45307 45981 72603 43023 23487 99340 7510 14492 
9889 13
32305 71030 99860 17833 75653 39701 70722 28851 29752 75279 55108 33093 47077 
1048 0

1813 0

2908 11
82047 56549 84953 9530 41295 20969 46658 59140 56188 34005 50659 
4509 0

5200 0

6188 15
37085 53838 98498 40909 1470 22434 82998 6076 35967 83244 31166 81763 45607 21435 63904 
6609 19
40813 84281 64281 20546 15824 26726 34525 91760 78614 17782 73426 22173 69910 62769 6635 76612 80532 8037 44884 
9667 15
40011 43833 70655 20501 94791 36504 59887 56222 16180 50609 90180 66302 13401 54762 66630 
438 19
35054 11330 99274 15813 83889 80223 89610 79345 42082 32649 35391 69232 60434 38629 66175 63712 66969 27092 26861 
3034 0

7290 0

8587 0

9406 0

429 0

1676 0

2019 0

2049 17
49714 13521 8094 58646 22890 13156 60204 8782 35266 98753 79668 8173 20983 75571 3273 32306 9086 
3290 18
84907 82662 9508 76 3676 17413 90740 33484 28385 14447 18661 93512 79759 91742 43961 10959 23482 81172 
3954 0

5936 0

7954 11
88317 19268 82077 1340 66778 10657 44258 154 96374 91676 38185 
8591 0

9574 19
32523 23994 65428 5934 58472 97499 58606 46276 78540 15704 30215 2343 28041 93797 99574 62810 10510 59397 47383 
835 0

993 19
76936 3923 65658 1939 83276 62743 73163 5913 98506 81791 73605 93522 15551 82869 96099 98571 37640 61584 2896 
1234 0

1618 0

1752 20
3907 14089 63175 83265 78980 226 6294 50923 34219 66285 14251 56345 3970 67044 40002 30714 32922 88425 97137 70743 
1844 17
6335 20577 98585 82730 3226 69508 67733 47525 32769 28593 22883 95886 54363 67700 92028 19179 84941 
3201 11
54824 51060 62462 99450 30259 86729 69498 54403 14868 89925 8566 
3394 13
81118 10938 95135 41598 98924 54203 39436 58482 93786 2863 64967 15939 10310 
3564 0

7045 0

7726 18
52019 79952 51359 65491 61424 44524 84050 85737 27 43404 91734 88213 63936 9587 29087 26720 82992 44950 
8412 13
71832 63364 69818 74206 48935 47400 88384 75065 3302 96599 3224 65076 38169 
1041 0

2331 0

3774 0

5289 10
88023 56230 62287 52704 37565 47566 66836 74067 24795 54067 
5926 15
66234 18542 78192 86784 52752 97132 59526 87561 33209 71833 34786 35943 69838 40395 78639 
7076 0

8616 0

9302 18
39129 23442 85673 20060 38601 85456 8397 22657 31657 6648 46052 83431 24685 16179 44023 15916 43289 35617 
3129 12
12663 90576 17512 80444 82080 89159 30920 1713 43185 18267 97328 48444 
4131 0

6246 11
72842 49176 28024 77570 12292 52410 33834 47975 9343 68475 35090 
6355 16
84084 44783 10185 70258 65387 56480 97645 50907 41965 20133 94618 17030 31177 33872 62766 91485 
8572 19
82427 88489 64529 54514 61981 11908 22464 93536 96767 12537 23157 69201 99978 35534 83108 5616 91093 29877 53430 
9596 18
24317 83745 52255 58817 28257 51612 6407 46877 92897 36722 74803 350 83441 62020 70628 82845 68283 36022 
9848 0

1014 17
19587 67950 76791 62913 77146 65429 41197 74634 21950 37599 33578 30283 46274 27325 55274 7927 74625 
2162 18
34879 63614 49668 84861 31401 35593 54504 54155 93034 42376 17961 33165 31645 44531 66269 81610 54449 81932 
6995 0

7496 0

7515 11
32060 77803 32430 61005 35357 5656 1370 27885 85042 63763 13034 
9106 0

9266 11
41799 48502 43016 79672 56308 21046 34632 35622 36294 23035 60879 
2021 0

5254 17
56823 28576 41281 19128 14429 54325 37471 77475 56542 36272 16734 3033 7143 12758 76406 86005 56441 
5292 0

6218 0

6374 14
18203 46438 74859 73713 90465 29970 39290 82233 3336 96364 1683 1633 61458 19661 
6396 0

7462 14
2181 88593 42276 90555 48573 21703 78618 89794 66035 20559 33266 40006 87495 40274 
1952 14
63474 90973 61733 12985 71355 43701 33240 31511 91043 57365 41925 96773 80224 42604 
2984 18
65932 36968 99933 2953 63935 74210 911 71432 71546 1455 77802 20223 59464 17016 15268 37544 98914 52854 
5785 0

5891 0

6340 13
46063 60749 56010 60207 53228 60536 13455 35977 8151 94994 4957 9906 83042 
6980 19
57447 25220 10247 18909 92148 95986 86902 57681 96257 52865 23837 55463 37419 5817 40284 46236 5705 345 53205 
8649 13
25295 62417 81110 45589 94712 33636 26555 89830 30396 53719 68823 61716 89832 
8678 0

8841 13
72659 9894 84550 56422 68411 90949 17203 51934 60487 85002 33631 36520 20256 
645 0

907 0

2293 14
66863 56425 92725 88376 8227 73439 34447 89524 61567 9744 45466 43317 61028 98604 
2776 0

3412 0

4749 17
61905 38677 44007 16155 39743 21535 75299 13811 77302 1428 81797 3103 24773 82221 26268 56596 57605 
6236 20
89773 23755 6736 89011 74537 37495 43916 72514 88550 67257 71100 31748 21997 97316 89336 49075 46152 26472 95663 85494 
7736 0

9143 18
60772 45158 66006 67560 42356 57260 91287 48011 88337 88929 96999 13122 69322 25932 49178 52799 40948 85265 
9641 15
90634 39752 78078 56583 79147 79482 46240 13853 52231 91498 22138 91071 95066 85065 77591 
2350 12
44605 19798 60978 36697 36280 73379 70 31049 92186 79745 20453 18392 
5971 0

6378 12
49726 36286 77298 42644 63749 85709 2759 25257 73365 11653 97554 50575 
9676 14
16635 14940 24519 94138 43234 14601 92518 96170 70745 24654 93929 68280 89472 52718 
383 0

637 17
55018 76310 69260 63248 47643 31175 85689 76965 33750 62392 53337 57881 27172 40066 81280 86656 36630 
678 12
68211 85487 17194 47386 94664 8939 33440 84236 36725 31520 14878 47622 
1742 14
94946 56059 58461 80433 41731 55744 84870 17314 94839 14368 49286 57061 33803 31796 
2585 16
17454 2636 6193 33351 6786 89694 67056 11139 9928 98609 1673 18339 66719 26261 34582 13156 
3101 0

3607 0

4609 0

5088 11
71470 92961 1326 16112 22085 26890 50196 17693 61135 71975 59896 
5525 17
72008 91800 73677 60775 75965 64360 2694 9905 25763 37553 53555 51593 3297 28392 93457 77308 985 
8482 0

8890 14
26620 42631 6725 15643 63102 30752 5858 98464 79810 36749 14151 3650 29939 96640 
142 10
72905 23765 70926 29870 52504 44876 41397 69776 27708 25320 
682 16
57490 47847 33000 6927 68424 90207 75338 45690 97980 3557 67458 84194 44613 88473 93357 32681 
1550 17
55633 33528 76247 32205 27391 3571 53781 40400 94711 46278 95024 96794 38858 68279 9830 39689 18735 
2427 10
93108 2173 88118 20810 20418 28599 42610 90369 69666 43798 
2508 0

3467 11
28997 89685 78552 56363 36992 8128 4713 35798 7214 90590 48225 
3818 19
40684 77664 79850 85029 21513 55017 68854 84791 825 98521 63719 96670 88240 37897 82884 24980 75954 36133 30574 
4367 16
87161 65627 16329 8973 21917 92503 27337 83811 62775 44992 72896 83027 17410 55056 17724 69318 
4582 0

4891 19
4167 68083 42432 28857 28246 45691 4689 49811 38593 99788 23732 55497 28267 74078 35489 95816 81515 23737 4718 
5095 16
23429 9341 10740 35743 74182 34202 49580 2442 72588 42635 57603 17113 54888 95402 73565 35594 
5664 0

6715 0

296 18
18353 68972 34006 70315 44461 34131 32470 95246 20885 80421 7083 13780 5286 9523 62489 53679 13112 18247 
301 11
27535 12478 51829 97823 43797 32502 61545 97084 59599 79443 80619 
1181 0

1922 0

2265 0

2366 0

2798 0

3623 13
2417 10805 18974 13622 23510 51326 75668 50416 53344 74106 54320 89642 56935 
3842 10
12400 74548 77934 27533 10751 56888 78320 17500 59453 8859 
5272 17
44610 49264 79790 8396 54677 6228 83652 50995 18631 26000 82744 37339 37519 52185 38740 37152 14946 
7987 12
10682 25794 19943 54411 25691 83873 9875 22739 44951 77014 17843 7106 
1507 0

2224 0

3892 18
86775 42265 62900 71082 32622 87941 92764 99035 36386 12462 67317 80893 94948 20053 98800 53692 730 22403 
5094 0

5281 15
30916 92374 14677 60825 85547 3255 33046 22276 29553 10224 85487 53940 99717 5775 86086 
7662 10
53145 81018 94080 97709 28245 27790 58105 47131 93983 92383 
908 0

1731 19
58646 2408 76857 68097 84056 6756 26296 40693 9773 4499 44982 88863 62603 45653 95703 19645 49365 26239 43551 
3212 18
88836 85403 88095 26592 44512 17078 29924 703 84954 3318 55051 98398 36599 15474 17702 4550 75898 9199 
5156 11
90351 52173 14426 2718 71747 32131 49531 62996 92323 60653 93074 
5393 12
47244 18262 35666 10718 8062 51966 60745 89816 66121 59661 51831 91217 
8262 0

9432 20
89583 81542 69921 17858 29522 42127 11793 2249 34357 98418 56335 82880 16250 96975 76675 95835 43546 36104 1915 11634 
2079 20
18985 49369 60294 96654 87837 87813 81842 9323 65350 10174 47464 72866 22275 24382 13037 3333 87657 58472 49627 82091 
3254 18
39232 73371 31863 36659 7625 42335 2431 83955 57953 91770 67333 31018 34267 73943 31947 9197 16018 37406 
3459 20
87562 8575 75515 71217 12206 77920 53358 55157 28136 17120 24874 10876 57400 33307 65964 25755 97886 87515 22522 1678 
4014 10
20704 36549 45552 18497 96015 62085 51144 55607 39304 89780 
4068 0

5159 17
40507 53252 44456 68138 18426 96577 21122 48536 33771 189 66428 28051 35207 14772 91427 72289 60365 
5630 14
3638 69505 42676 6924 41158 20951 32621 71499 15318 81208 76596 14840 41045 9807 
5847 11
75122 17810 72568 13962 22096 21172 7677 22601 42790 64299 9141 
5950 17
78148 30523 64882 91878 39675 42850 84196 63389 1357 3008 8827 25452 13810 79797 2055 14756 85222 
8259 13
5506 40306 88886 97998 3059 58106 10457 22088 39833 50849 38499 17142 94676 
9305 12
67681 82515 62607 8333 61850 44751 20930 94107 90253 13544 95658 59824 
9517 15
65632 97254 52964 51558 58949 25943 36928 97001 88018 64422 24720 61144 76115 91100 41155 
9767 0

2109 19
9177 42324 31327 82880 84424 53156 12460 53017 60640 81350 19152 39183 64071 43212 35173 69361 59548 32541 16081 
2151 15
43102 66458 42867 61360 67340 57231 81858 94655 12005 32336 21836 27306 89199 90935 18408 
3065 15
36925 57986 57679 13897 46943 61023 78668 57157 88681 9538 67243 54699 72236 27791 18806 
3074 20
92498 21746 1016 63173 45069 37009 61127 75486 24574 15175 32454 40967 72959 28384 26264 81360 88267 82820 88537 61306 
4100 12
73240 18176 29972 51164 44205 61020 74854 80240 18669 68742 87147 35103 
5458 10
80526 54394 98 29942 4456 98801 76266 22777 75330 21729 
7159 18
78410 99647 1623 66644 130 38087 7829 92431 53138 79578 34573 4463 18427 89347 39578 84649 72887 84160 
7534 17
23357 12910 57589 47444 75223 6159 96584 46911 62273 57846 70731 42500 63250 65621 62332 15974 60646 
8363 20
75160 4338 10067 12905 22066 21268 90492 58215 52197 95698 17958 21457 19297 86460 79757 421 13267 77027 24495 8218 
9013 20
75957 49605 64041 92583 23750 63012 88859 28809 45327 56101 47364 79910 46927 97195 64716 33431 52400 56551 41657 73728 
9701 20
86794 8182 65966 15781 68342 1052 27268 1525 15834 8094 31395 51074 62016 83698 72243 82937 31118 91110 2818 25174 
579 10
12219 42065 62224 45252 49017 66917 75165 40520 67171 71023 
1269 13
43551 83339 65460 16327 42034 31493 83487 7718 65737 84144 21019 88351 69219 
1846 14
33501 45443 96310 1576 68503 88545 48915 71831 18047 96807 59613 90456 76664 46687 
2714 15
88095 88007 18199 60652 16027 243 52974 77069 30171 26672 61915 1865 20559 38324 4870 
4351 17
46112 79471 63437 46872 29015 55224 87581 12710 39778 91438 74284 62473 69918 16849 11978 19361 38794 
9070 20
34078 78692 79699 78622 12301 18941 12507 95459 26864 48849 46400 1833 22344 18933 41616 28391 34749 95623 50741 78830 
470 20
34263 84614 71140 60568 72655 34110 75916 83487 84652 65050 7128 85789 58852 30681 54586 84978 50532 61793 72346 42465 
486 20
32434 31791 70433 28477 78122 77753 92872 16438 97830 35600 30785 74082 62384 92546 57487 21153 17824 1886 4790 80033 
1028 10
88525 46773 4225 60552 6622 48004 92049 98360 77170 44539 
1516 20
7187 54631 86602 35392 6026 65931 28928 25096 26779 68551 88346 96431 89052 74133 38377 99725 21851 75545 25771 93938 
2317 15
66434 10806 20878 38890 61382 87402 85883 41224 60074 32673 15438 65696 75328 70890 82056 
3399 16
31740 19469 76703 35323 48438 28034 74295 35814 10465 82928 22569 64165 40973 61191 36676 37944 
3418 15
8222 37794 19757 67750 28143 4314 92780 96870 78891 39322 98243 21134 48325 12207 65342 
4383 18
49762 93416 79012 92898 81907 11447 88191 14272 64548 56820 3660 6329 21265 12670 37770 15791 40441 51153 
4661 14
10589 17597 3276 13396 21867 24216 84872 429 81821 72713 81257 42756 51616 97597 
4742 18
87984 13207 8825 96223 22189 79458 40125 80334 56443 10573 93082 1743 31598 71519 71030 31916 19146 45484 
5016 16
22775 14204 84141 94353 65166 84538 20560 18744 26797 88305 23219 29307 99707 71818 11671 50570 
5836 16
59628 29682 60268 21366 16605 11646 4677 99548 47206 15179 93283 64724 78095 29522 69869 74107 
6285 15
62169 93151 96251 10521 86520 10892 14578 94245 83809 41241 50044 26159 24073 32485 86974 
6367 19
89772 95063 18716 51998 4513 74113 55688 51554 85339 41361 68008 55679 59315 4138 7512 8507 46085 12701 53725 
6805 19
63182 49444 87313 51279 12103 6252 85071 20240 7080 12320 96088 72651 8175 59020 83178 21120 83935 4740 5852 
7039 19
77918 42519 50114 27978 70713 76407 36815 42126 77076 35573 72967 71440 85555 98041 27899 83474 20064 67834 91512 
7594 14
72978 89472 84674 37384 70307 75342 85279 74153 48297 10648 18157 66250 29280 68793 
1037 18
90410 90382 59650 97148 83452 89697 67113 59078 11076 23309 86998 38137 91667 61415 46511 36246 17608 43317 
2047 19
37522 85450 94556 19298 28650 75223 10296 80520 75276 16869 5708 81296 44463 29083 7932 31450 65400 16253 956 
3109 10
5398 50905 93747 84480 70931 90908 52392 89613 1094 77712 
4914 11
16410 98086 51134 78860 72650 64661 65108 89836 53581 26633 156 
5427 14
70834 96387 60495 92912 48764 25335 33340 75811 95337 28677 37203 16191 13678 78939 
8186 10
75246 20166 54686 75208 4106 45298 80745 38853 66406 78862 
8328 18
86907 76330 70422 1788 42852 46690 86436 74458 9753 92596 22131 45518 63526 8882 3549 17414 45149 28629 
9643 13
74217 10389 41542 9887 89827 20495 7922 52650 63647 77608 38126 80901 46820 
427 11
77837 40282 98000 99282 97772 77656 44066 50193 92463 43303 75089 
2214 18
21223 59288 36172 6515 94368 5449 88742 25274 75024 69006 37980 64376 71149 9236 59437 45646 51556 69665 
2467 14
23946 55542 5245 79469 79900 85069 59639 70304 88573 27827 31267 85154 18572 61611 
2470 12
63724 1465 39710 41697 55965 41551 56202 76510 90674 17111 84926 1537 
3859 15
84076 17275 50188 24656 76163 67990 22248 40901 90034 67860 51337 30049 61686 53180 13583 
5465 12
32846 7394 98642 35703 61574 51954 78779 93477 15842 71758 19351 96489 
6433 10
96290 39715 95832 43014 20039 5910 93327 50867 5961 10557 
6536 13
87706 42673 39187 91558 19140 13986 24902 87480 66779 32258 35677 63845 98272 
8174 17
21511 77403 89563 86736 28054 31207 609 70524 25361 61041 70808 13926 52739 17294 1372 16501 96761 
9463 13
42681 77451 29093 43157 4551 20179 5247 12448 30440 71472 33674 69491 21219 
1064 11
55237 30403 25526 33307 519 43738 63948 58305 3696 51195 68709 
1500 15
40574 28932 65605 14209 42562 91043 9293 82465 19342 68817 8147 88956 43054 75446 14421 
1565 17
19907 82383 60497 52008 94823 85015 71487 61342 91398 32549 5130 29635 72597 96150 97056 34472 21345 
3580 18
84211 26308 74033 43312 54485 7837 12403 68291 94672 24670 22381 33000 29107 58325 15914 88651 47553 93285 
5050 17
99354 6422 82370 41597 93662 34350 74916 47576 34949 81078 58581 3928 36060 7328 87247 39820 35893 
6197 11
16441 25777 60903 25916 6879 63095 442 19843 16497 25315 4942 
6899 13
95073 85529 51050 14246 83721 94621 36977 66595 66671 10095 7382 56318 85338 
7254 13
74818 77930 31243 63468 51035 43247 93710 41589 28004 83177 52026 45426 57522 
8033 18
68909 90525 2919 73056 38348 87991 85106 44501 41502 55854 46948 29245 64948 26887 99271 88568 8024 86261 
9060 19
30539 85768 39421 15588 91847 51498 49125 32288 58438 17460 73534 75184 28418 47744 3631 78524 82115 2832 21954 
9208 12
39015 83127 34691 28476 76851 99956 60684 88985 91296 68199 23102 497 
440 20
92904 97381 51407 98786 64025 14865 22669 90229 22051 96386 81887 75875 72845 88277 22116 52863 29751 17196 52208 65068 
1963 20
6107 60410 77314 53039 47421 65636 61203 21730 41579 41118 33341 85379 41207 41602 36653 22925 70641 27447 95370 36219 
2365 12
88611 65862 11106 34759 97762 86580 59144 82901 90331 92877 711 58568 
3415 15
61919 15130 9039 68213 51104 74564 11174 5836 68404 56476 55114 10811 57367 76940 67042 
5109 18
76521 27223 74113 54197 67949 25680 4675 67954 76245 81424 25417 96380 75684 4518 9836 17428 21327 15093 
5830 19
19095 6634 72903 78890 66499 69900 23539 88894 13259 38494 48468 72095 66515 72476 12702 78489 31295 24291 60649 
7312 19
94242 12197 44421 58254 23031 24747 27440 61924 39265 28791 47154 61897 12490 50617 18369 33892 49967 88202 62565 
445 17
24482 47090 69678 64459 55148 18854 24640 32384 90346 14411 27036 36172 86612 2014 92413 59344 35349 
559 13
19849 7190 45994 84609 3448 36910 70353 9269 47217 5788 87584 50412 56575 
604 13
29140 58896 76134 46407 80612 16250 19444 76575 79703 99172 32057 53894 18628 
3331 13
87848 65361 33693 10894 22790 54908 34050 13829 82845 69768 96228 47058 37966 
4681 19
36866 72529 35887 50545 74041 55202 5920 76932 74710 20058 25106 88926 42506 26436 13242 81294 8956 9211 83177 
5831 15
55356 76554 81700 76089 93820 17174 15833 17638 44995 96040 25105 84279 40620 76735 53142 
6143 10
31317 85209 30869 13865 92125 5386 9630 80557 7701 24134 
6470 17
1969 50052 20950 90831 52709 97803 22269 52430 28558 64147 95501 97384 81962 1076 18006 55265 35795 
6484 19
39787 22878 2347 91647 66040 70009 50057 87186 30527 5028 53319 37335 73073 64720 26862 3922 86189 65804 6410 
6717 20
28162 14982 68371 33661 41992 36096 18904 83653 2492 62589 52310 32544 87993 18367 95454 81339 25539 74352 40088 26392 
548 15
54149 52961 32263 47559 53466 74869 1969 95358 4373 84013 30740 28077 87470 87751 71669 
1139 12
63126 1884 33173 51672 13159 59678 46215 41635 19263 24234 80578 20382 
1176 14
35942 84570 46632 92171 38649 91541 58895 7382 80163 17553 57842 85015 91262 63336 
1842 11
50234 86868 40130 8019 64327 27023 99442 24906 81506 20617 92422 
2515 10
90178 28199 97474 21342 50821 62625 69729 72239 54834 78082 
2675 14
17293 87522 91568 50380 76632 82203 20321 928 61797 38806 6623 27564 20859 75092 
3473 15
29757 2789 74712 34460 32208 87775 89557 28388 16736 58628 97635 56850 23666 69252 95151 
3941 17
16478 41397 8724 35672 80541 41179 67271 22286 81858 45541 11777 28017 84220 68285 85941 82345 83562 
4490 18
73008 62514 44635 6041 73041 83630 95526 58202 70238 77937 49258 71337 19038 94608 39788 88257 16060 81386 
5451 10
84441 79931 98744 97843 84604 43091 66624 24619 11394 96027 
9625 12
20165 90557 88406 80192 1025 66867 21114 27580 65021 98953 26530 42253 
237 13
67478 80910 31849 73477 95786 86725 88352 62161 48154 82791 7343 91842 12804 
283 16
34533 42973 17523 2751 17747 53977 20758 41323 48462 69277 80348 97229 89784 37540 66568 97389 
465 19
82793 43614 666 10458 1139 5493 48125 22169 43640 27856 54490 30843 39961 11588 32334 57715 4418 36875 31246 
1398 10
53546 75665 68616 71375 103 19404 71515 76576 62751 99371 
1661 20
85544 63329 39745 31834 75322 35534 61243 78657 24792 52131 99581 148 41620 38934 54200 88907 86486 24511 11558 51298 
5030 20
19728 42899 57136 10444 53718 8186 63887 43874 1763 44278 52071 36814 90423 35724 36144 99897 66633 82133 30735 98456 
5956 18
57377 66314 73217 83263 93419 7784 61150 92215 65480 1566 18497 62969 81811 89882 34372 51647 23111 33959 
6739 10
32314 50698 56487 78605 49017 32677 60521 22177 12013 54695 
8632 10
15455 80526 4011 56100 84600 43668 14281 77491 12150 57931 
201 14
37292 43702 10122 9003 59402 36432 55418 97865 22782 71461 41939 45238 16015 71506 
1826 18
83776 21922 83330 9471 38060 90765 21512 83483 66497 5968 62632 55687 26070 79766 20399 17481 64048 18765 
3022 19
88733 6089 38872 79857 18402 78659 9564 1628 12561 30140 14072 90683 25983 59416 426 3416 6448 73124 61920 
3461 17
83545 45251 64719 53146 78432 24671 79482 80472 57471 63594 75743 86615 80802 66513 52546 95085 58934 
3962 13
74529 25172 97899 62747 83948 84159 20353 80896 65945 29084 20584 57824 72827 
4246 18
59780 66005 9858 44035 67222 21451 64689 4405 84822 75618 38259 53527 23821 8708 79660 81796 32000 42037 
5475 12
78436 97530 80711 61387 19059 99610 50627 93378 58240 60277 49320 45774 
6346 11
80243 53784 67514 30385 10844 84554 33365 39747 86061 86457 31839 
6370 20
427 46583 34253 37690 25601 48312 40362 84683 43840 93433 88380 18097 33734 32239 94898 93870 60385 91160 3501 32566 
8965 10
7337 22790 3308 9911 91862 99886 81920 16050 13636 20994 
9163 10
9077 1486 54751 18853 57111 17015 99903 35283 61298 34883 
9350 16
13875 86116 52026 6068 53856 73293 21805 73452 85579 97322 43367 71105 35891 74829 12312 71689 
1394 19
77041 1096 39712 81438 24054 94512 7515 63950 15102 54932 15018 15424 88850 2359 5295 31292 62801 66090 11683 
1481 18
18457 57324 39013 18694 74128 6691 69948 89739 78483 33411 21795 42698 2528 3516 95592 74501 80569 23414 
2941 18
93261 26702 60521 83131 48683 39976 6628 74413 4640 88228 87413 66681 84005 23637 99409 39396 33092 15166 
3921 17
60181 1420 74507 45079 43430 89556 76490 63852 54401 89729 15053 86890 61771 14659 43480 46074 85820 
4933 20
14509 1839 84850 20475 79794 23819 67725 20954 12876 17651 8786 39705 93439 94648 38428 26349 23748 92209 79686 26933 
5175 13
57263 15654 81030 6659 62499 31419 74994 70139 34740 886 12890 29872 51604 
5267 13
71531 92067 96472 29287 73395 33916 75161 73352 49017 41858 63954 16034 83759 
5712 11
44794 77170 65409 23199 38714 57198 79116 26306 3449 5529 32655 
7144 14
5314 37322 18744 33668 14823 10946 15389 1796 24640 5652 2316 31277 49510 24144 
7468 12
13598 96293 82111 67830 33073 68262 26244 44624 37412 6968 71658 85876 
8255 12
49042 77426 2022 2880 79527 94380 98629 52136 7886 19779 35282 26522 
9193 12
29690 21708 75042 71885 62307 85506 1468 73559 57728 53114 66708 66783 
576 12
16664 30843 35571 35371 27135 22253 68442 96841 58222 39389 61498 47697 
1924 12
97887 14053 25447 43103 27490 51494 83603 96748 21520 84775 93873 18224 
5282 15
8636 53797 29560 80965 24977 1157 32451 38026 39097 10608 26361 88941 17716 89398 96763 
6153 18
29233 66969 72700 16235 3584 9862 74845 60960 51064 84343 75433 99823 69519 21525 66858 42225 66107 26120 
8657 10
47553 14330 2549 54973 63005 34330 4513 413 68039 31294 
9671 11
68750 12328 76265 18246 55891 92380 32937 90304 77785 27758 78821 
553 13
4588 11263 99737 94079 17475 92964 14976 47859 86338 41198 85293 68602 24031 
1630 10
14764 44063 74771 30501 82512 84827 4576 20363 85785 36035 
3080 15
87054 69934 20809 6733 31796 3671 54164 17256 81404 40481 74341 1883 31977 64673 78611 
3190 11
66225 77446 22820 69330 89532 44637 58233 87931 92758 81909 34229 
3234 14
78255 23146 16414 33830 63563 93421 56990 68210 33474 22305 82700 7000 36246 83097 
4472 12
77229 6311 22 35070 91501 96709 24982 44076 13360 11639 74212 68847 
5340 13
44919 20765 36370 99852 39074 32801 24410 13309 77868 79681 82085 32426 11811 
5895 18
98518 32811 18396 11231 39803 10235 24176 93298 23350 59011 76260 9376 85487 26288 48597 46911 70738 41462 
6830 12
54113 14016 41918 64853 32837 32399 85319 71662 72561 30528 25155 7267 
8309 11
87002 42085 30968 66856 98974 38327 57734 32245 79288 46184 70486 
9250 14
40283 81473 22362 44363 50572 36413 85035 401 47229 64333 26902 13243 91350 56990 
9836 20
32046 32683 64956 65991 85288 72558 63244 54368 86374 10156 15151 37094 79991 93608 34747 92220 84746 78858 49563 46523 
9850 11
92769 51073 48557 49905 38706 334 94545 85252 37533 40658 47762 
270 12
33876 89072 68709 97247 95657 99707 83779 75116 73124 97589 53802 20521 
1778 14
71627 51003 57572 97633 14180 37771 18685 44766 18335 98875 51298 68698 8363 7926 
1900 18
74098 44343 37072 63098 23406 85919 84127 50534 2202 95164 8321 39581 16673 78736 79683 92978 71537 5857 
2743 12
89395 5936 36887 61905 26435 5732 57184 21263 27303 23235 8141 31334 
3162 17
44136 45853 56030 15787 90027 38786 92112 48889 50177 46635 26920 57718 40323 94050 36009 7200 37771 
4030 11
40679 77577 29839 82056 75412 16822 79414 86330 79646 91076 56908 
4160 11
55481 97979 87595 45332 2923 49384 52496 57938 97538 82157 33134 
5640 12
32475 61560 9164 72413 99638 22465 466 32527 20267 63281 23579 60344 
6057 10
82939 92341 58911 98002 67348 30803 63838 23430 16604 72172 
6291 14
39249 74083 83867 31284 40227 61369 76614 43146 8733 41526 11669 86420 52924 25589 
6537 10
16189 31147 93851 33790 17495 47626 49660 89357 34347 62561 
6931 18
87390 18835 93251 23377 41818 73187 65683 48385 90877 93763 67252 27447 42516 4312 68001 57961 85003 60052 
7755 11
41405 55723 8084 19806 33371 10059 64581 8982 60014 54764 36466 
8410 14
7464 8778 19851 41204 43529 36434 14333 57785 14717 8529 97218 9937 20924 59705 
620 17
31142 10717 63067 27378 17004 69387 51771 86290 30153 75530 76139 53525 11351 33339 51858 52399 90128 
2960 16
45342 45574 55584 12111 87793 43250 63754 57689 73536 36144 34976 81236 50442 51282 86783 93223 
3199 13
39943 55105 68187 30461 2875 50556 34905 52228 47618 98845 88395 11593 31616 
3740 19
77835 68795 40681 58097 58495 70845 70126 89604 16097 54151 46351 37086 28429 81339 96736 27039 66815 63558 74579 
6179 15
30428 24006 45439 3457 70967 9572 23087 52398 9863 63008 42006 28605 21339 86007 40613 
6752 10
75042 79713 1898 10413 9358 79282 2912 30365 39855 4730 
8563 15
63806 49851 75952 67599 52295 34045 35700 74839 94874 75383 55323 43239 94453 57728 48599 
825 18
62630 16387 96894 49609 44047 72176 72211 20058 9758 63729 88894 69306 78064 32974 37375 83695 19761 35649 
840 17
80058 13123 93694 36179 32726 11608 24554 31436 27925 7307 49731 40919 80803 4366 15538 56240 12625 
2816 15
89651 1099 22929 45160 73720 28229 81484 55708 43990 38634 98923 14992 10524 89434 48063 
3970 14
90280 80384 1978 2949 88203 74394 58686 32750 84154 81727 37441 55053 3427 55513 
3987 14
10272 9082 86824 84063 43217 22648 74591 95453 70107 75163 67400 83090 1696 78045 
3997 15
19091 80548 96706 58924 27923 52007 77846 91338 95705 59100 61833 5721 6561 51323 17696 
4273 12
7493 67891 67823 13573 73157 19273 75342 42295 50238 9899 55802 25865 
4676 13
90023 11921 58308 12589 52489 32880 50741 44846 59718 19836 51827 48092 52453 
4696 11
77041 99763 22119 71248 51178 54663 83870 12829 34933 88240 13021 
4830 18
12587 16188 43359 44469 47652 52179 2082 90737 38252 31810 57205 9797 90407 297 65869 50014 19407 60012 
6529 11
77669 86200 40731 99057 30945 89299 58745 82118 18120 18104 76650 
6992 13
78207 76198 11808 93173 36392 57291 19916 18627 41507 22059 38949 19422 65452 
8417 14
34207 52851 90421 59672 48496 52090 69505 54051 91406 95160 84194 5554 15806 29388 
8933 17
88991 28327 7347 72257 13356 24853 80083 51725 55138 15618 12602 13688 56987 81761 96832 83958 89813 
//3699070